[Enter `^Ec?' for help]
 /\___/\       Boot mode:       1
( o   o )      Real-time clock: 1000000 Hz
(  =^=  )      System clock:    49962500 Hz
(        )     Read global ptr: 0x02001abc
(    P    )    Read pointer:    0x0200137d
(  U # L   )   Read argument:   0x1001ff98
(    P      )
(           ))))))))))

[ZSL] Copy device tree (part 1, LBA 128-159) to 0x80800000... OK
[ZSL] Copy firmware (part 2, LBA 2048-8191) to 0x80000000... 
OpenSBI v0.9-174-g1156a7b
   ____                    _____ ____ _____
  / __ \                  / ____|  _ \_   _|
 | |  | |_ __   ___ _ __ | (___ | |_) || |
 | |  | | '_ \ / _ \ '_ \ \___ \|  _ < | |
 | |__| | |_) |  __/ | | |____) | |_) || |_
  \____/| .__/ \___|_| |_|_____/|____/_____|
        | |
        |_|

HI!
Platform Name             : CHESHIRE RISC-V
Platform Features         : medeleg
Platform HART Count       : 1
Platform IPI Device       : aclint-mswi
Platform Timer Device     : aclint-mtimer @ 1000000Hz
Platform Console Device   : uart8250
Platform HSM Device       : ---
Platform Reboot Device    : ---
Platform Shutdown Device  : ---
Firmware Base             : 0x80000000
Firmware Size             : 252 KB
Runtime SBI Version       : 0.3

Domain0 Name              : root
Domain0 Boot HART         : 0
Domain0 HARTs             : 0*
Domain0 Region00          : 0x000000000204bff8-0x000000000204bfff (I)
Domain0 Region01          : 0x0000000002044000-0x000000000204400f (I)
Domain0 Region02          : 0x0000000002040000-0x0000000002043fff (I)
Domain0 Region03          : 0x0000000080000000-0x000000008003ffff ()
Domain0 Region04          : 0x0000000000000000-0xffffffffffffffff (R,W,X)
Domain0 Next Address      : 0x0000000090000000
Domain0 Next Arg1         : 0x0000000080800000
Domain0 Next Mode         : S-mode
Domain0 SysReset          : yes

Boot HART ID              : 0
Boot HART Domain          : root
Boot HART ISA             : rv64imafdcsuh
Boot HART Features        : scounteren,mcounteren,mcountinhibit
Boot HART PMP Count       : 0
Boot HART PMP Granularity : 0
Boot HART PMP Address Bits: 0
Boot HART MHPM Count      : 6
Boot HART MIDELEG         : 0x0000000000000666
Boot HART MEDELEG         : 0x0000000000f0b509
Priming buffer way 0 starts at 000000009002E000
Priming buffer way 1 starts at 0000000090032000
Priming buffer way 2 starts at 0000000090036000
Priming buffer way 3 starts at 000000009003A000
Priming buffer way 4 starts at 000000009003E000
Priming buffer way 5 starts at 0000000090042000
Priming buffer way 6 starts at 0000000090046000
Priming buffer way 7 starts at 000000009004A000
Probing buffer way 0 starts at 000000009002F000
Probing buffer way 1 starts at 0000000090033000
Probing buffer way 2 starts at 0000000090037000
Probing buffer way 3 starts at 000000009003B000
Probing buffer way 4 starts at 000000009003F000
Probing buffer way 5 starts at 0000000090043000
Probing buffer way 6 starts at 0000000090047000
Probing buffer way 7 starts at 000000009004B000
Prime and probe buffers initialized successfully. Staring tests... 
Progress: 0/8192
Progress: 1000/8192
Progress: 2000/8192
Progress: 3000/8192
Progress: 4000/8192
Progress: 5000/8192
Progress: 6000/8192
Progress: 7000/8192
Progress: 8000/8192
Test completed. Results:
3 27350
6 24572
12 23490
24 24167
49 25396
35 21033
7 18906
14 22058
29 24104
58 25446
53 24996
42 24789
21 24626
43 23948
23 24710
46 24314
29 23912
59 24648
55 21211
46 20002
28 23756
56 24384
49 24588
35 24011
7 23519
15 24088
30 24302
60 24968
57 25015
51 24327
39 25210
15 20343
30 19806
61 23882
58 24870
52 24594
40 24300
17 23883
35 24856
7 23884
14 24011
29 24078
58 24857
53 25370
43 20045
22 20384
45 23856
26 23936
52 24808
41 24498
19 23714
39 24064
15 23906
31 23998
63 25056
62 25007
60 24154
57 19446
51 22971
39 24078
14 23756
29 24051
58 24894
53 25214
43 24150
22 24064
44 24275
24 24230
49 24711
34 21361
4 19053
8 21267
17 23352
35 24232
7 23094
14 23835
29 24434
59 25004
55 24468
47 24678
31 24044
62 25256
60 24310
56 19264
49 23256
35 24386
6 22978
13 23884
27 24508
55 24966
46 24680
28 23974
56 25388
49 24844
34 25020
5 23649
11 19616
22 20140
44 23786
25 23833
51 24587
39 24402
15 24042
30 24495
60 25322
57 24240
51 24349
39 24444
15 24386
30 19396
61 21632
59 24712
55 25094
46 24638
29 23735
58 24584
52 24480
40 24710
17 23534
34 24029
4 24184
8 22815
17 19211
34 21182
4 23160
9 23362
19 24383
38 24902
13 23714
26 24140
52 24384
41 24918
19 24032
38 24370
13 23802
27 23643
55 19887
47 23295
31 24060
63 25598
62 25425
61 25061
58 25500
52 24412
40 24286
16 23583
33 23456
2 22939
4 20559
8 19018
16 21919
32 24177
0 24145
1 23276
3 23724
6 23815
12 23914
24 24407
48 24574
33 24379
3 23746
7 23472
14 23696
29 21516
58 19910
53 24289
42 24747
20 23460
40 24098
17 23712
34 24552
4 23842
8 23896
17 23548
35 24567
7 23562
15 23838
30 21133
60 20494
56 24369
48 24672
33 23988
2 23740
4 23809
8 23810
16 23892
33 24329
2 24151
5 23416
11 24411
22 24107
45 21032
26 18697
52 23827
40 24353
16 23665
33 24238
3 23631
7 23286
14 23548
29 23870
58 25136
53 24299
42 24254
21 24160
42 19586
20 21118
41 24523
19 23977
38 25148
12 24528
25 23978
51 24510
38 24532
13 23511
27 24281
54 24284
45 24108
27 20396
55 20717
46 24308
28 24190
57 24892
50 24518
36 24720
8 23372
17 23685
35 25118
7 24150
14 24354
29 24547
59 21804
55 20095
47 24370
30 24422
61 24865
59 25324
55 24862
46 24205
29 24348
59 24659
55 25006
46 24205
28 22024
56 19914
48 23648
33 24634
2 23935
4 23694
8 23546
16 24336
33 23903
2 23613
4 23160
8 23330
17 23773
35 24146
7 23778
14 20536
29 19826
58 24351
52 24764
40 24175
16 23886
33 24456
2 23355
5 23376
10 23182
21 23064
42 24766
21 23679
42 25190
20 20370
40 20556
16 23236
32 24581
0 23507
1 23074
3 23202
7 23778
14 23638
28 24100
56 25424
49 25588
35 24552
6 23696
12 20480
25 18543
51 23487
39 24148
15 23819
31 24213
63 24562
62 24722
61 25096
59 24830
55 25338
46 24674
28 23562
57 19064
51 23267
39 24604
15 23816
30 24044
61 24762
58 24926
52 24612
40 24509
16 23588
32 24352
0 23280
0 23346
1 19134
2 19132
4 22827
9 23586
19 23313
39 23483
15 23458
31 23776
63 25193
62 24956
61 25142
59 25206
54 25330
45 21083
27 20012
55 23897
47 25118
30 24217
61 24763
58 24597
52 25045
41 24530
19 24076
38 24378
12 24422
25 24253
50 19862
36 21758
9 23020
18 23864
36 24209
8 23529
16 23480
33 24124
3 23395
6 23556
13 24503
27 23597
54 24708
44 24962
24 20251
48 20750
33 23744
3 23918
7 23364
15 23944
31 24411
62 25102
60 24724
56 25067
48 24680
32 24678
0 23649
1 21210
2 18839
4 20300
9 23123
18 23486
36 24700
9 23422
18 23455
37 24636
11 23668
22 23742
44 24124
24 23862
48 25162
33 24502
3 19486
7 18794
14 22158
29 24104
59 25342
54 24514
44 24304
24 24230
49 24716
34 24542
5 23629
11 23614
22 23780
44 23750
24 18989
49 22751
34 24306
4 23458
8 24068
16 23916
33 23966
2 23620
4 23715
8 23340
16 24410
32 24183
0 23901
0 22847
0 22587
0 18880
1 18647
2 22670
5 23069
11 23620
22 23384
44 24770
25 23836
50 24447
37 24469
11 24074
23 24156
46 25212
29 23992
58 20445
53 22026
43 23828
22 24172
44 24690
24 23910
48 25234
32 24230
0 23679
0 23347
0 23285
1 23925
2 23824
5 23617
11 21057
23 18618
46 23605
28 24336
57 24513
51 24888
38 24736
13 23968
26 23500
52 24919
41 24730
18 24204
37 24534
10 22808
20 19078
41 22631
19 23741
39 24808
14 24675
29 24510
58 24742
52 24820
41 24801
18 23702
37 24035
11 24004
23 23436
47 20032
30 20680
61 24251
59 24777
55 24800
46 24860
28 24662
57 24895
51 24924
39 24328
14 23396
28 23915
56 22282
48 19524
33 23178
2 23418
5 23728
11 23842
22 24722
44 24552
24 23958
48 24635
32 24070
0 23086
0 23647
1 23335
2 23604
4 20132
8 18950
16 22602
32 24592
0 23199
1 23135
3 22884
7 23652
15 23182
30 23761
61 24547
58 25224
53 24218
42 25114
20 20201
40 19104
16 22231
32 23958
0 23622
1 22890
2 23266
4 23270
9 23371
19 24110
38 24776
13 23364
27 23758
55 24939
47 24025
31 19777
62 22987
61 25304
58 25276
53 24860
42 24740
21 24321
43 24164
23 23884
47 24884
31 24064
63 25027
63 19712
63 21854
62 24233
61 25276
58 24648
53 24956
42 24785
20 24087
41 24596
18 23426
37 24966
11 23886
23 21550
47 19007
30 23465
61 24451
59 24429
54 24711
45 25470
27 24717
54 25412
44 25492
24 24557
49 24987
34 23682
4 19604
9 19831
19 23428
39 24248
15 23278
30 24444
60 24892
56 25202
48 24838
33 24509
3 23758
6 23948
13 23866
26 23117
53 19234
43 22822
23 23824
47 24443
31 24232
63 24800
62 25115
61 25049
58 24908
53 25182
42 24137
21 24021
43 19993
22 20766
45 24386
27 24122
55 24486
47 24935
31 23902
63 24709
62 24588
60 24926
56 24427
49 24958
34 20709
4 19262
9 22275
19 23368
39 24207
15 24046
31 24276
63 25104
63 24772
62 24694
61 24988
58 24940
53 24430
43 19510
23 21054
46 23878
28 24670
56 24508
48 25143
33 24643
2 23512
4 23458
9 23708
18 24603
37 24658
11 24018
22 23117
45 19329
26 22302
52 24338
41 24790
18 23376
36 24037
8 24033
16 23426
32 23913
0 23645
1 23366
2 23588
4 23642
9 23290
18 20876
36 20014
8 22816
16 24012
33 24631
3 23877
7 23847
14 23862
28 24314
56 24636
49 24928
34 24243
5 24104
10 23664
21 21024
42 19484
20 23312
40 24310
16 24088
32 24544
0 23356
0 23170
0 23734
0 23345
0 23217
0 23556
1 23333
2 23879
5 23543
11 23617
22 20195
44 20742
25 23294
51 24700
39 24062
14 23661
29 24169
58 24668
52 24586
40 24928
16 24054
32 24106
1 23688
3 21322
7 18879
14 20811
28 23920
56 24650
49 25172
35 24663
7 23989
15 23814
30 24314
61 25278
58 24788
52 24757
41 22664
19 18628
38 21628
13 24293
26 24296
52 24742
40 24704
16 23968
32 23910
0 23001
0 22780
0 23445
1 23620
3 23619
7 23266
15 21204
31 19118
63 23633
63 25349
62 25338
60 25272
56 24434
49 24389
34 24552
4 23574
8 23720
17 24000
34 24753
5 21011
10 18580
21 22156
43 23893
23 24198
47 24638
31 23811
62 24710
60 24765
57 25000
50 25066
36 24540
9 23416
19 21298
38 18885
13 21806
27 23632
55 24896
47 23942
31 24233
62 24700
60 25011
56 25214
48 24968
33 24198
2 23294
5 20538
10 18363
20 21878
40 24516
17 24063
34 24868
4 23398
8 23365
16 23482
32 23391
1 24029
3 23180
6 24330
12 23422
25 24134
51 21610
38 20027
13 22862
26 23096
52 24002
41 24242
18 24860
37 24594
10 23365
20 24024
41 24609
18 24208
37 24736
11 23664
22 19751
44 19635
24 23526
48 24473
33 24004
3 23354
6 23524
13 23868
26 23840
53 25404
42 24809
21 23888
43 24578
22 23299
44 19426
25 22564
51 24414
39 24232
14 24162
29 23968
59 24747
55 24446
46 24692
28 24480
56 24338
49 24290
34 21270
4 18590
9 21866
18 23194
36 24500
8 23929
16 23480
33 24252
2 23712
5 23252
10 24360
21 24282
42 24899
21 24135
43 24486
22 19670
44 20934
24 23639
49 25101
35 24867
6 23296
13 23852
26 24068
52 24704
41 24470
18 24348
36 24544
9 23766
19 22940
39 19115
14 22251
29 24367
59 25278
55 24640
47 24808
31 24522
63 25420
62 25259
61 25272
58 25252
52 23746
40 19306
16 21714
32 24358
0 23686
1 23373
3 22968
6 23146
13 23720
26 24238
53 24374
43 24434
22 24448
45 24574
26 23810
52 19598
40 21941
17 23743
34 24480
4 23824
8 23428
17 24466
35 24395
7 23926
15 23876
31 24548
63 25494
62 25354
61 21309
59 20678
54 24222
45 24448
26 23640
52 25116
40 25330
17 24276
35 24032
7 24227
15 23682
31 23840
63 25088
62 20764
60 22335
56 24200
49 24828
35 24194
7 23354
15 23743
31 24636
63 25593
63 24840
63 25484
62 24800
61 20654
58 20882
52 24379
41 25038
19 24305
38 24410
12 23763
24 23934
48 24759
33 24934
2 23388
5 23467
11 23490
23 23585
46 19443
29 22351
59 25384
54 24671
45 24845
27 24852
55 25253
46 24702
28 23606
57 24979
50 24796
37 24416
11 20368
23 19031
47 23467
31 24028
63 24808
63 25089
63 25046
63 25015
63 24936
62 24912
60 24224
57 24667
50 19728
37 21526
10 23097
21 24422
42 24703
20 24514
41 24628
19 24292
38 24038
13 24935
27 23758
55 24878
46 23826
29 21056
59 20390
55 24031
47 25108
30 24443
60 24286
57 24528
50 25107
37 24732
10 24068
21 23598
42 24828
21 23649
42 19482
20 20421
40 24114
17 24379
35 24606
6 23978
12 24186
24 23970
48 24412
32 24339
1 23876
2 23490
5 23332
10 23374
21 21756
43 19014
23 22784
46 24375
29 23275
59 24702
55 24878
46 24806
28 24517
56 25118
48 24380
32 24454
1 23788
2 21892
5 18601
10 21138
21 22992
42 24166
20 23980
40 24276
17 24582
34 25118
5 23487
10 23260
20 23554
40 24660
17 23470
34 24284
5 23780
11 23486
23 23451
46 25092
28 24330
57 24779
51 24793
38 24484
13 23834
26 24422
53 24446
43 22923
22 19320
45 22373
26 23957
53 25078
43 25189
22 24256
44 25304
24 24214
48 24759
32 23982
1 23441
2 22932
5 24264
11 20999
23 18552
47 23013
31 23783
62 24700
61 25216
59 24592
54 25289
45 24374
26 23804
52 24636
40 24744
16 23843
32 19806
0 19363
1 22780
3 23577
7 23911
15 24410
31 23796
63 24907
63 24920
62 24397
61 24843
58 25243
52 24667
40 20052
17 18895
34 23022
4 23384
9 23977
18 23707
36 24614
9 23058
18 23813
36 24635
8 23591
16 24261
32 24340
1 23634
3 22978
7 19946
15 19357
31 23580
62 25001
60 25498
56 24688
49 25030
34 24168
5 23754
10 23586
20 23545
40 24068
17 24565
35 21310
6 19106
13 21946
27 23552
54 24604
44 24220
24 24341
49 24444
35 24239
7 24012
15 24203
30 24263
61 24556
59 23331
54 19661
44 22782
24 24397
48 24466
33 24923
2 23884
4 23473
8 23665
17 23768
35 24415
7 23478
14 23212
29 24424
58 22247
53 19486
42 24148
20 23780
40 24461
16 23792
32 23804
0 24011
0 23251
0 23465
0 23553
0 23638
1 23271
3 23234
7 23488
15 23002
30 19399
61 23275
59 24925
55 24975
46 24526
28 24970
56 24515
48 24522
32 24184
0 23625
0 23258
1 23650
2 23771
4 19916
8 19007
17 22915
35 24495
7 23800
15 23834
31 24096
63 25150
63 25143
62 24446
60 25452
57 24388
50 25224
37 19361
11 19746
23 24036
47 25020
31 23902
63 25178
62 24710
61 25086
58 25342
52 24956
40 24396
17 23579
34 21294
4 19049
9 21088
18 23246
36 24652
8 23733
16 24158
32 23860
1 23803
2 23627
5 23770
11 23963
22 23368
45 24224
27 24213
54 20804
45 20488
26 23628
52 24488
40 24334
17 23872
35 23912
7 23726
15 23950
30 23250
60 25244
56 25024
49 24906
35 20780
6 19238
12 22370
25 24123
50 24328
36 24709
9 23221
18 24014
36 24272
8 24102
17 23846
35 24739
7 23712
14 23586
29 22162
59 20154
55 24691
46 24996
28 23986
56 24998
49 24561
34 24147
4 24154
8 23396
17 23983
35 24038
7 23118
15 24004
31 19617
62 22025
61 24266
58 24320
53 24872
42 25029
20 23758
41 24246
18 23264
36 24505
8 23330
16 23615
32 24322
0 19999
0 18892
1 22028
2 23931
5 23590
11 24044
22 24273
45 23927
26 24199
52 24583
40 24060
16 24108
32 24622
1 23908
3 23335
7 19343
14 19138
28 23622
57 24736
50 24950
37 24932
10 24264
21 24240
42 25147
20 23809
40 24038
16 23748
33 24452
3 22211
7 18658
14 19598
29 22910
59 24833
54 25150
44 24747
25 24371
51 24892
38 24214
13 23828
26 23277
52 24432
40 24264
17 19116
35 20578
7 23140
15 23571
31 24550
63 24712
62 25476
60 25188
56 24997
49 24499
34 24536
4 23332
8 23747
16 19906
32 18827
1 22486
2 23113
4 23594
8 24584
17 24206
35 24662
7 23416
14 24015
28 24196
57 25191
51 24676
38 24185
12 21547
25 18920
51 23358
38 24226
12 23786
25 23828
50 23964
36 24170
9 23888
18 23920
37 24468
11 24159
22 24356
45 24246
27 20875
55 20500
47 24188
30 24562
61 25139
58 25158
53 24808
43 24916
22 24169
44 24352
24 24338
49 24929
34 22668
4 19050
8 20894
17 23330
35 24396
6 23586
12 24102
24 23489
49 24768
34 24508
4 24033
8 23608
17 24242
35 24979
6 23352
13 20689
27 18657
54 23280
45 24566
26 24228
52 24783
40 24597
17 24433
35 24452
7 23862
15 24048
30 24018
60 25308
56 21945
48 19721
33 23179
2 23516
5 23124
11 23986
23 24562
46 24009
28 23989
57 24924
50 25248
37 24633
11 23034
22 23734
45 20082
27 19993
54 23978
45 24980
26 24530
53 24300
42 24782
21 23800
42 24636
21 23854
42 24332
21 24109
43 24502
22 20507
45 19560
26 23558
53 24766
42 24909
21 23482
42 24772
21 24028
43 24700
22 24586
45 24588
26 24451
52 24749
40 20295
16 19786
32 23384
0 23611
1 23683
2 23465
4 23555
8 24398
17 23942
34 24554
4 23747
9 23700
18 24034
36 24555
9 23908
18 20752
36 19225
8 22704
17 23980
34 24614
4 24088
8 24175
17 23717
35 24835
7 23588
14 23893
29 24303
58 25212
53 25315
42 20670
20 18861
40 23340
16 23926
33 24144
3 23314
6 23620
13 23741
27 24159
54 24684
45 23939
27 24036
54 25192
45 24500
26 19485
52 21884
41 23982
19 24046
38 24336
12 23680
24 24070
48 25576
32 24781
0 23132
0 23131
1 23327
3 23352
6 24164
13 20718
27 18976
55 23973
47 24422
31 24612
63 25345
62 25468
60 24742
57 24870
50 24526
36 24188
8 23512
17 23131
35 19460
7 20302
15 23276
30 24200
60 24192
56 24606
49 24691
35 24514
7 23910
15 23641
31 24104
63 24444
63 25171
63 19482
63 23156
62 24707
60 24966
56 24126
48 25070
33 24478
2 23360
5 24312
11 24226
22 23769
45 24572
27 23206
54 19355
44 23144
25 24380
50 24355
36 24121
8 23190
16 23858
32 24476
0 24246
1 24100
2 23328
5 23236
10 24302
20 24109
41 19929
19 20662
39 23747
14 23551
29 23710
58 25032
53 24754
42 24660
21 24390
43 24695
23 24367
47 24709
30 23742
60 20650
57 21913
51 23972
39 24067
14 23732
29 24438
58 24500
52 24753
40 24167
17 24356
34 25100
4 24022
8 23988
17 20742
34 19776
4 22734
9 23510
18 23323
36 24202
8 23884
16 23160
33 24764
3 24304
6 23362
12 24069
24 24078
48 24451
32 23868
1 19148
2 19346
4 22796
9 23759
19 23714
39 24604
15 23808
30 23849
61 25177
58 24946
52 24788
40 24516
16 23818
33 22712
3 18911
7 19770
15 23516
31 23873
62 24358
61 25228
58 24690
53 24799
42 24493
21 23946
43 23902
22 24440
45 23560
26 19475
52 22171
40 24624
17 23617
35 23776
7 23554
14 23640
29 24098
59 25515
54 24914
45 24712
27 24093
55 24497
47 19918
31 22315
62 24788
60 24862
56 24740
48 25046
32 24846
1 24125
3 24017
7 23633
14 24011
28 23884
57 24744
51 19284
39 21888
15 23948
30 23946
60 24827
57 24380
50 24813
36 25209
9 24308
19 23486
38 24616
12 23704
24 23840
49 20086
34 20934
5 23428
11 23640
22 23920
45 24814
26 24514
52 25219
41 24178
18 24120
36 24808
9 24044
19 24602
39 23267
14 19241
28 20810
56 23996
49 24899
35 24558
7 23658
15 23777
31 24493
63 25400
62 25456
61 25271
58 25208
53 21168
43 20532
23 24332
46 24680
28 23910
56 24955
49 24934
34 24614
5 23755
11 24312
22 24324
44 24796
24 24227
49 22306
35 19384
7 22190
15 23602
30 24107
61 25335
58 24886
52 24346
40 24574
17 24066
35 24503
6 23756
12 23930
25 24681
50 19832
37 21526
11 22754
22 23985
44 24780
25 24776
50 24892
36 25161
9 23697
18 23701
36 23808
8 24006
16 23940
32 23358
1 19281
3 19542
6 22653
12 23716
24 24204
49 25188
34 24601
5 23064
11 24152
22 24035
44 24200
24 24048
48 25086
32 24444
1 19923
3 19107
7 21762
15 23209
30 24078
60 25000
57 24642
51 24632
39 25108
14 24226
29 24008
59 24715
55 24740
47 20592
30 19688
60 23838
57 24636
51 24534
39 24570
15 23806
30 23858
61 25226
58 25118
53 24582
42 24637
21 23334
42 18810
21 21134
42 24334
20 23386
41 24439
19 24196
38 24228
13 24132
27 24488
54 24573
45 24898
27 24658
54 25232
45 20082
27 21088
55 24398
47 24924
30 24846
60 24702
56 24577
48 25203
33 24527
2 23339
5 23558
10 23304
20 23281
41 20604
19 19092
38 23568
13 23143
26 24533
52 24735
41 24714
19 24206
38 24864
12 24323
24 24190
48 24500
33 23808
2 23415
4 19646
8 19050
17 22588
35 23739
6 23319
13 23703
26 24141
52 25246
40 24344
17 22868
35 24636
7 24080
14 24485
28 23965
57 21292
51 21251
38 24293
13 23375
26 24415
52 24891
41 24481
18 24029
37 24323
11 24100
22 24804
45 24052
27 24482
55 21351
46 20012
29 23012
58 24050
52 25050
41 24588
18 24146
36 24631
9 23523
18 23844
37 24575
11 24200
23 23828
46 23314
28 19385
56 22853
49 24265
34 24138
4 23762
9 23978
19 23928
39 24121
14 23258
29 24331
58 24525
52 24286
40 24506
16 19624
33 19816
3 22585
6 23054
12 23566
24 23892
49 24867
35 24510
6 23960
13 23526
26 23803
52 25022
40 24289
17 24652
34 20376
5 19144
11 22584
23 23591
47 24168
30 24571
61 24996
58 25274
53 24471
42 24363
21 24238
42 25087
20 24158
40 20811
16 18966
33 23633
3 23608
7 23576
14 24654
28 25596
57 25417
50 24902
37 24944
10 23525
21 23746
43 25094
23 24314
47 19613
31 20532
62 24535
60 25369
57 24629
50 24750
36 24516
9 23619
18 23982
36 24496
9 22954
19 24148
39 24518
15 20036
30 18980
61 24060
59 24958
55 24979
46 25056
28 23749
56 24872
48 24361
32 23957
1 23808
3 23386
7 24319
15 21107
31 18995
62 23816
61 24678
58 24886
52 25092
40 25086
16 23894
33 24099
2 23776
4 24036
9 23126
18 23742
37 23377
11 19363
22 21280
44 24786
25 24141
50 24828
37 24806
10 23372
21 24334
43 24579
22 23994
45 24614
26 24446
53 24893
43 20152
22 20014
44 24120
24 24478
49 24852
34 24532
5 24015
11 24038
22 24109
44 24477
24 24193
48 24267
33 24348
2 23038
4 18992
8 19502
16 23408
33 23956
2 23114
5 23638
11 23566
23 24084
46 24766
29 24410
58 25881
53 24138
43 25130
23 23337
47 18930
30 22120
61 24756
58 25330
52 24693
40 24555
17 22946
35 23881
7 24142
14 24107
28 24351
56 24658
48 22969
33 19404
2 21930
4 23388
9 23576
18 24408
37 25548
10 23334
20 23728
40 24252
17 24146
34 24504
5 23596
10 23755
21 24206
42 20878
20 19178
40 23380
16 23232
33 24429
2 23072
5 23626
10 23418
20 24506
40 24348
16 24390
32 24538
1 23591
3 22907
6 23750
13 19730
27 20052
55 24746
47 24661
31 24814
62 25453
61 24965
59 24792
55 24650
46 24291
29 23780
58 24670
52 20825
41 21034
18 23192
37 24452
10 24006
21 23846
43 24160
23 24283
47 24139
31 25019
63 24857
62 23804
60 24764
57 19820
50 26687
37 24304
10 24557
21 24089
43 24900
22 24582
45 24502
26 24096
52 25186
40 24560
17 21573
34 18857
4 21462
8 23252
16 24224
33 24723
3 23998
7 23504
15 23955
31 23838
62 25341
61 24459
59 24745
54 24720
44 20355
24 20478
48 24184
33 24390
3 23315
6 23138
13 23351
26 24176
52 25164
41 24431
19 24372
39 24252
15 23588
31 24295
62 19626
60 22812
57 24744
50 24608
36 24574
9 23792
18 24016
37 24599
11 23747
23 23760
47 24926
30 24299
61 23704
58 19383
52 23276
41 24393
18 24484
36 24492
9 23897
18 24036
36 24260
8 24228
17 24112
35 24524
6 22992
13 23184
27 22315
54 19370
44 23558
24 23675
48 24127
32 24380
1 24051
3 24096
6 23018
13 24014
27 24680
54 25163
45 24703
26 24270
53 20344
42 20638
20 23508
40 24318
16 23992
33 23992
3 24644
6 23258
12 24148
24 24218
49 24732
35 24338
6 23429
13 23656
27 20814
54 20750
45 24038
27 23338
54 24843
45 24718
26 24110
53 24983
42 24995
21 24145
42 24892
20 23864
40 24728
16 19805
32 19592
0 22871
1 23347
3 22966
6 23120
12 23005
24 23947
49 25178
34 24528
4 23384
8 23761
17 23402
35 24243
7 23585
15 20158
30 18988
61 24123
59 24640
55 25022
46 24926
28 23929
57 24562
51 24040
39 24596
15 23824
30 24319
61 23202
58 19660
53 23510
42 24666
21 24122
43 24842
22 24548
44 24594
24 23574
48 24980
33 23655
3 23416
7 23774
14 24246
28 19210
56 21920
48 24148
32 24204
0 23404
0 23332
0 23581
0 23649
0 23616
1 23101
3 23096
6 23909
12 23554
24 23968
49 25011
34 19542
4 19920
8 23327
16 23384
33 24030
3 23174
6 23428
12 23630
25 24008
51 24893
38 23996
13 24013
27 24318
55 25002
47 20725
31 21054
63 24859
63 25280
62 24747
61 24673
59 25117
55 24870
46 24415
29 24028
59 24492
54 24450
45 19554
27 21494
54 24690
45 24668
26 24674
53 25349
43 24294
23 23751
47 24418
31 24264
62 24301
61 25107
58 20925
52 21087
41 23794
19 24164
39 24584
14 23375
28 24019
56 25206
48 24726
33 24444
3 22987
6 23458
13 24046
27 24012
55 19602
46 23233
28 24006
56 24482
48 24582
33 23913
2 23805
5 23529
11 23285
23 23950
47 24553
30 24427
61 24547
58 19484
52 22626
41 24507
19 23282
38 24964
12 23320
24 23748
48 24851
32 24628
0 23682
0 23602
0 23285
0 23580
0 23204
0 20426
1 18509
2 20969
5 23091
11 23524
22 24210
45 24453
26 24334
53 24870
43 24141
22 24516
44 24388
25 24113
50 24142
36 20168
9 18516
19 22698
39 23860
14 23365
29 24226
58 24796
52 24338
40 24331
17 23769
35 24946
7 24178
15 24247
30 23860
60 19873
56 22018
49 25182
34 24599
5 23614
10 23330
20 23832
41 24313
18 23543
36 24139
8 23480
17 23790
34 24708
5 23229
11 18756
22 20171
44 24023
25 24652
50 24224
37 24142
11 24076
23 23854
46 24340
28 24503
57 25142
51 25022
39 24696
15 19744
31 20158
62 24668
60 24776
56 25344
48 25204
33 24245
2 23684
4 23854
8 22882
16 23588
32 24104
0 23611
0 23840
1 20302
2 19169
5 22984
11 23372
23 24069
46 24444
28 24092
57 24973
51 25420
39 24076
15 23790
31 24224
63 25179
62 21958
60 20559
57 23896
50 24802
36 23888
9 23916
18 23427
37 24660
11 24018
23 24036
46 24540
29 24057
58 24444
52 20716
40 19841
16 22936
33 24717
2 22898
4 23480
8 23702
17 24679
35 24431
7 23766
15 23430
31 23830
62 25214
60 25392
56 20617
49 20883
35 24292
6 23698
13 23964
27 24735
55 25298
47 25068
30 23718
61 25116
58 24968
52 24842
41 24529
18 19689
36 21054
9 23310
19 23952
39 24432
15 23291
31 24020
62 25214
60 25012
56 24638
49 24369
34 23747
4 23255
8 20075
16 18764
32 22921
0 23900
0 23333
1 23046
3 23106
7 23013
14 23992
29 24323
58 24689
53 24646
43 24283
22 24342
44 23159
24 19296
48 22578
32 24258
1 24023
2 23481
5 23455
10 23892
20 23770
41 25486
18 23811
36 23861
8 24027
17 23872
34 24434
5 20325
11 19027
23 22724
46 24507
28 24132
57 24896
51 24775
38 24000
12 24294
25 24522
50 25086
36 24555
9 23771
18 22544
36 18885
9 20812
18 23788
37 24198
11 23830
22 24113
44 24910
25 24648
50 24833
37 24190
10 24060
21 24032
42 24430
20 21850
41 19624
19 23278
39 24716
15 23820
31 23995
63 25126
62 24931
61 24943
59 24259
54 24218
44 25209
25 24324
50 19472
36 21672
8 23736
17 24108
34 24786
4 23451
8 23473
16 23903
32 24104
1 23483
3 23145
7 23114
15 24290
30 24438
60 22320
56 19835
48 23814
32 24606
1 23445
3 23273
7 23808
14 23803
28 24134
57 24917
50 25013
37 24016
11 23434
23 23848
47 20182
30 20456
61 24719
59 25142
55 24892
47 24375
31 24180
63 24752
62 24653
61 24767
59 25111
54 24214
44 19584
24 21714
48 24610
33 23668
2 23644
4 23046
8 23410
17 23680
34 24756
4 23189
8 23502
17 23299
35 24042
7 23958
15 21255
30 18719
60 23328
56 24526
49 24434
35 23902
6 23202
13 23754
26 23853
52 25432
41 24687
19 23840
39 24336
15 23252
30 19144
61 22642
58 24538
53 24937
43 25221
23 23620
47 24517
30 24286
60 24352
56 25042
48 24990
33 24588
2 19679
4 18334
8 22210
16 23620
33 24079
2 23999
5 23382
10 23364
20 24132
41 24700
18 24267
37 24774
11 23973
22 24091
44 24583
25 19754
51 21876
39 24498
15 24142
31 24126
62 24874
61 24522
59 24836
55 24917
47 24351
31 24284
62 24710
61 20490
58 21244
53 24480
43 24681
22 24248
45 24504
26 24222
52 25468
40 24834
17 23940
34 24109
5 23370
10 23274
20 20454
40 19118
16 22938
32 24428
0 23864
1 23229
2 23534
5 23035
10 23554
21 23618
42 23964
21 24506
42 24373
20 23964
40 23986
17 19187
34 20680
4 22758
9 23416
18 23524
36 24408
9 23624
18 23992
37 24668
10 24262
21 24426
43 24145
23 24100
47 24872
31 19695
63 21296
63 24986
62 24980
60 24548
56 24783
48 24640
32 24629
0 23886
0 23197
1 23716
2 22555
4 23374
8 21087
16 18557
32 22108
1 23174
3 23076
6 23718
12 23572
25 22965
51 25092
39 24248
15 24056
30 24178
61 25320
58 25209
53 21620
42 21084
20 23329
41 24520
18 23822
37 24446
10 24063
20 24036
40 24775
16 24430
32 24691
1 23854
2 23621
5 23398
11 21749
22 18317
44 21745
25 24000
50 24662
37 24424
10 24344
20 23907
40 24702
16 23770
32 24414
0 23438
1 23522
3 23525
7 23379
14 19733
28 19976
56 24355
49 24510
34 24372
5 23876
11 23385
23 24166
47 23824
30 24022
60 24631
56 24451
49 24717
35 20316
7 20025
14 23193
28 23993
57 25062
51 24667
39 24288
14 23611
28 24105
57 24436
51 25026
38 24537
12 23973
24 20930
49 19186
34 23622
5 23588
11 23868
23 23876
46 24345
29 24320
58 24979
53 24970
42 24668
20 24226
41 24786
19 22579
38 19187
12 22116
24 23676
48 24660
32 24404
0 23185
1 23395
3 24009
6 23537
13 23127
26 24350
53 25367
42 24998
20 23504
41 19420
19 20516
38 23844
12 23544
24 23750
49 24524
34 24678
5 23306
10 24008
20 23914
40 24221
17 23899
35 24293
7 24426
15 19814
31 19914
63 25066
62 25308
61 25262
58 24940
53 24870
43 24723
23 23744
47 24460
31 24055
63 24940
62 20420
61 22206
59 25106
54 24800
45 24812
27 24132
55 25058
46 24600
28 24290
57 25258
50 24713
37 23860
10 20120
20 18874
41 23112
19 23939
39 24032
14 23502
29 23780
59 25106
54 24733
45 24161
26 23996
52 24260
40 24102
16 21135
32 19090
0 21754
0 22805
1 23432
2 23694
5 23897
11 24026
22 24222
44 24552
24 24383
48 24299
32 23827
0 23216
0 23905
1 21186
3 18733
6 20237
13 23522
27 24353
54 24620
44 24420
25 23974
50 24880
37 24443
10 23576
21 24378
43 24938
22 24482
44 21231
24 19614
48 23903
32 24203
0 23920
0 23507
0 23029
1 23426
2 23564
5 23598
10 23590
20 23778
41 24564
19 23771
38 24526
12 20527
24 19211
49 24136
34 24344
5 23490
10 23686
20 24365
41 24742
19 23841
38 24424
12 23522
24 23788
49 24404
35 24475
6 20290
12 18790
25 22865
51 25039
38 23984
12 24244
25 24441
51 24422
38 24633
13 24050
27 24425
54 25031
45 24074
27 21350
54 19663
45 23294
27 23856
54 24620
45 24103
27 24158
54 25200
44 24438
25 23531
51 24111
39 24783
14 23908
28 21324
56 20823
49 24233
34 23815
4 24030
8 23684
17 23480
35 24062
6 23649
13 24112
27 24148
55 24246
46 24156
28 24315
57 20175
51 23102
39 24446
14 23276
29 23765
59 25318
55 25044
47 24195
31 23918
62 25000
61 25274
58 25028
53 20166
43 21688
22 23444
45 24480
26 24627
52 24581
41 24753
18 23987
36 24813
8 23226
17 23330
34 24734
5 23122
10 22735
20 18436
40 21800
16 23994
32 24067
1 23357
3 23354
6 23027
12 23465
24 24627
49 24464
34 24172
5 23344
10 23276
20 24140
40 21331
16 19334
33 23591
3 23422
6 23394
12 23182
25 24267
50 24723
37 24806
11 23746
23 23834
46 24690
28 24188
57 24562
50 20622
37 20876
10 23563
20 23869
40 24680
17 24001
35 24899
6 23540
12 23667
25 24348
50 24906
36 23988
8 24208
17 24055
34 19717
4 19220
9 22730
18 23890
36 24331
8 24376
17 23493
35 23806
6 23466
12 24036
25 24287
51 25401
39 24969
14 23882
29 21271
59 19976
54 24254
45 24694
27 24566
55 24843
46 24627
28 23962
56 24166
49 24542
35 24798
6 24568
13 23810
26 20006
52 20814
41 23922
19 23549
39 24882
15 23928
31 24130
62 24458
61 24984
58 24712
52 24624
41 24624
19 23265
39 19690
15 22045
31 24617
63 25094
63 24977
63 25175
62 25119
60 25578
57 24518
50 25083
36 25084
8 23815
17 19620
34 19736
4 23146
8 23480
17 24190
34 23814
4 23667
8 23459
17 24312
35 24118
6 24148
13 23870
27 24488
54 24658
44 21582
24 19444
48 23502
32 23924
0 23251
1 23056
2 23048
4 23182
8 23717
17 24440
34 24102
4 23765
9 23641
19 23815
39 24446
14 22476
28 23850
57 24938
50 24580
36 24835
9 24066
19 24169
39 24816
14 24100
29 24124
59 24870
55 25194
46 20109
29 21953
58 23949
52 24202
41 24675
19 23957
38 24198
12 23792
25 24423
50 24325
36 24064
8 23510
17 23435
35 20066
7 18558
15 22478
31 24180
62 25220
60 25414
56 25128
49 24754
34 23373
4 23342
9 24012
19 23932
39 23939
14 22834
29 19348
59 22466
55 24190
46 23934
28 24606
56 25011
49 24604
34 24541
4 23809
8 23768
16 23772
33 24414
3 23545
7 20159
14 18788
28 23015
56 25155
49 24436
35 24520
6 24326
13 23931
26 24177
52 24941
41 25005
18 23931
36 23998
8 23365
16 19256
32 20633
1 22880
2 23580
5 23546
10 24184
21 23870
43 24830
23 24446
46 24701
29 24332
58 25150
52 25008
41 22678
19 18896
39 21714
15 23560
31 24569
62 24798
61 25009
59 25078
54 25171
44 24484
25 24082
50 25668
36 24771
9 20994
19 18501
38 23051
12 24116
25 23960
51 24673
39 24291
14 23519
28 23772
57 25175
51 24702
39 24712
14 23526
29 23591
58 19650
52 22990
40 24460
16 24320
32 23978
0 23716
1 23659
2 23807
5 23664
11 23989
22 23573
44 24353
24 24366
49 23917
34 18969
4 20473
8 23394
17 24068
35 23868
6 24224
13 23714
26 24595
52 24860
41 24802
18 24101
37 24446
11 23728
23 24372
46 19602
28 21333
57 24406
51 24209
38 24373
13 23793
27 24096
55 24864
46 24796
29 24612
58 25284
52 24540
40 22404
17 18840
34 22462
5 23652
11 24024
22 23647
45 24446
26 24138
52 25000
40 24326
17 24162
35 24342
6 24253
12 23509
24 22076
48 19114
33 23314
3 23416
7 23396
14 23758
29 24365
59 24474
55 24732
46 24850
29 24217
59 24803
54 24828
44 22510
25 19127
50 23842
37 24167
11 24425
23 24206
46 24358
29 23934
58 25086
52 25178
40 24300
16 24169
33 24342
2 22727
5 19117
11 19212
22 23227
44 24126
24 24090
49 24700
34 24297
4 23659
9 24076
19 23897
38 24394
13 23448
27 23833
54 24333
45 19547
27 21620
55 24484
46 24930
29 24068
58 24906
52 25228
41 24389
19 23706
38 24516
13 23882
26 23656
53 22889
42 19510
21 22028
43 23663
22 24036
44 24922
25 24728
51 24532
39 24346
14 23804
28 24164
56 24512
49 24678
35 22682
6 19602
12 20932
24 23900
48 24807
32 24726
0 23434
0 23391
1 23234
3 23544
6 23398
13 23685
26 23897
53 24190
42 24418
21 20611
42 19407
21 23009
43 24210
23 23974
46 24835
29 24719
59 25301
54 25170
45 24526
26 24840
52 25051
41 24491
19 20433
38 20172
12 23120
24 24796
49 24742
34 24545
5 23786
10 24012
21 24012
42 24253
21 24046
42 24261
21 23964
43 24487
22 19895
45 21556
26 24502
52 24522
41 24264
18 24479
37 24419
11 23447
22 23796
44 24286
24 23932
49 24671
35 24100
6 20579
13 18658
27 23006
55 24480
47 24550
30 24499
61 24663
58 24764
52 25466
41 25022
18 23668
36 24486
8 23908
16 20954
32 19296
0 22286
1 23265
2 23966
4 22612
8 23241
16 23780
33 24386
3 23790
6 23755
12 23851
24 23790
48 24584
32 24732
1 20899
3 18596
7 20186
14 23224
29 24190
58 25038
52 24189
41 24124
18 23798
37 24580
11 23704
22 23723
45 24722
26 24148
53 20680
42 20498
20 23652
40 24165
16 23468
32 24177
1 23354
3 23547
7 23351
15 24328
31 24864
63 24556
62 25310
61 23899
59 19475
55 23489
46 24829
28 24445
56 25020
49 25361
35 23916
6 23812
13 23908
27 23774
54 24749
44 24464
24 21327
49 19468
35 22816
7 23500
14 23844
28 23969
56 25340
49 25116
35 24880
7 23706
15 24378
31 24086
63 24508
63 23217
63 20432
62 24328
61 25230
58 24174
52 24420
40 24449
17 24169
34 24624
5 24009
10 23999
20 23814
40 24355
17 21789
35 18988
7 21592
14 23543
28 24126
57 24501
50 24509
37 24524
11 23300
22 23918
44 24581
24 23964
49 24591
34 24126
4 20382
9 18412
19 22482
39 24494
14 23690
28 24347
57 24837
51 24663
38 24552
12 23676
25 24418
51 25257
39 24151
15 23281
31 19430
63 23468
63 25242
62 24732
60 24771
57 24476
51 24624
38 24732
13 23668
27 23758
55 25019
46 24591
28 19491
56 22318
49 24636
34 24263
4 23630
8 23652
17 23937
35 24355
6 23722
13 24147
26 23870
52 25224
40 25191
17 21961
35 18801
7 21932
14 23442
28 24259
56 24961
48 24640
32 24526
1 23446
2 23012
5 23494
10 23642
20 23416
41 23940
19 23683
38 19679
13 21368
26 23698
52 25534
40 24126
16 23938
33 24060
2 24026
4 23542
9 23650
18 23672
36 23600
8 24041
17 24098
35 19996
7 19132
14 22995
29 24020
58 25342
52 24992
41 24196
18 24266
37 24463
10 23880
21 24123
42 24348
21 23811
42 23336
20 19176
40 21470
17 23985
35 23958
6 23822
12 23759
24 24077
49 24451
34 24059
4 24045
9 23862
18 23788
37 24038
10 23906
20 19843
40 20552
17 23850
34 24060
5 23226
10 22874
20 24110
41 24458
19 23650
38 24950
13 22982
26 23968
52 24985
40 24566
17 19747
34 20988
4 22968
8 23106
17 23936
35 24524
6 23529
12 23662
24 23932
48 24488
33 24275
2 24014
4 24196
8 23576
17 23278
34 19104
5 20788
11 23130
23 24284
46 24740
28 24462
56 24430
48 24850
32 24750
0 23502
1 23266
3 22850
7 22916
15 23751
30 19830
61 21568
59 25211
54 24990
45 25220
27 24164
54 24513
45 24446
26 23686
52 24456
41 24890
18 24039
37 21691
10 18866
21 21356
43 23971
22 23894
44 24466
25 23762
51 24927
38 24595
13 23907
27 23929
55 24680
47 24766
30 24053
60 19361
57 22767
50 24418
37 24537
10 23724
20 24182
41 24222
18 23870
37 24451
11 24024
22 24465
45 24326
27 23884
55 20276
47 21864
31 24550
63 25214
63 25564
62 25764
60 25081
56 24983
49 24246
35 24084
7 23103
15 23888
30 21017
61 20613
58 23364
53 24338
42 24621
21 24166
42 24194
21 24206
43 24768
23 23798
46 24470
28 23792
57 24974
51 20153
39 21782
15 23202
31 23443
62 24683
61 25441
59 24902
54 24504
45 24778
26 23479
53 24816
42 24358
20 21307
40 19488
17 23032
34 24365
5 23874
11 23834
22 23688
45 24596
26 24288
52 24764
40 24836
17 24180
35 23976
7 24128
15 20652
30 18901
61 24438
59 24934
55 24665
47 24492
30 23459
60 23941
57 25517
50 24643
36 24332
9 24036
19 23486
39 19250
15 21297
31 24574
63 25702
62 25314
61 25045
58 24424
53 24586
42 24277
21 23372
42 24724
20 24016
40 21945
17 19529
34 22997
5 23886
10 23683
21 24857
42 24496
20 23716
41 24468
19 23970
38 24672
13 23888
27 24034
55 24894
46 20906
29 19922
59 24162
55 24858
47 24652
30 24110
60 24458
57 24862
50 24702
37 24445
11 23871
22 24265
45 23729
27 19193
54 22937
44 24422
25 24321
50 24448
37 24664
11 23253
23 23622
46 24870
29 24191
59 24840
55 24914
47 22202
30 19604
60 23837
56 24635
48 24862
33 24830
3 23012
7 23218
15 23778
30 23586
61 24894
58 24670
53 24798
42 21247
20 19512
41 23504
19 24185
38 23676
13 24000
27 24038
54 25170
44 24661
25 24242
50 24636
37 24734
10 23994
20 23350
40 19225
17 21413
35 23594
6 23362
12 23338
24 24102
48 24939
33 24804
3 23654
6 23648
13 23632
27 23972
55 24810
46 23357
28 19629
57 23404
51 24651
38 25037
13 23476
26 23585
52 25100
41 24970
19 24782
38 24166
13 23877
27 23846
54 24168
44 19265
24 22364
48 24486
33 24226
3 23599
7 23992
14 23518
29 24394
59 25047
54 24592
44 24354
25 23940
50 24678
37 19664
11 19820
23 23146
46 24465
29 24146
59 24894
55 25589
46 24566
28 24319
56 24838
49 25313
35 24787
7 23597
14 19425
29 19754
59 24614
54 24131
45 24736
27 24232
54 24871
44 24797
24 24708
48 24443
32 24063
0 23363
0 22849
0 20362
0 18327
1 20748
3 23089
7 23396
14 23606
29 23494
59 24732
54 24699
45 24350
27 24598
54 24766
44 24773
25 24388
50 20205
37 20262
10 23969
20 23813
41 24230
19 24120
39 24168
15 23637
30 24068
60 25287
56 25141
49 24360
34 24468
5 21069
10 18769
20 22362
40 23875
17 24506
34 24380
5 23290
10 23871
21 23741
42 24902
20 24360
41 24527
18 23975
36 24509
8 22743
16 19058
33 21450
3 23396
7 24046
14 23867
29 24650
59 25118
55 24414
47 24514
31 24034
63 25042
62 24940
61 23082
58 19840
53 23233
43 24457
22 24590
44 24235
25 24605
51 25020
38 24543
12 24098
24 24209
48 24134
33 24176
3 22526
6 19045
12 20196
24 23852
49 24082
34 24540
4 23296
9 23799
18 24276
37 24892
10 24345
20 23630
40 23336
17 23844
34 24712
5 19840
11 18588
23 22943
46 24303
28 23948
56 24622
48 25052
32 23890
0 23441
0 23561
1 23544
3 22842
6 23280
13 23817
26 23133
53 19438
43 23277
23 24312
46 24928
29 24658
58 24778
52 25115
41 24852
18 23944
37 24112
11 24226
23 24245
46 22895
29 19091
59 22794
55 25412
46 25125
29 23996
59 25144
55 24851
47 24752
30 24029
60 25235
57 25105
50 22909
37 19002
10 21934
20 23472
41 23752
18 23500
36 24486
9 23644
19 23817
38 24577
12 23536
25 23487
51 24552
39 23981
14 21985
29 19529
58 23365
53 24918
43 24544
23 24283
46 24588
29 24604
58 25306
53 24915
43 24301
23 24294
46 24250
28 20367
57 20958
50 24298
36 23966
9 23266
19 24497
38 24542
12 24420
25 24060
50 24771
36 24542
8 24144
16 23700
32 23430
1 19556
3 19589
6 22804
12 23512
24 24107
49 24732
35 24220
6 23545
12 23758
24 24027
49 24850
35 23676
6 23478
12 23710
25 20652
50 19825
37 24480
11 23526
22 23914
44 24484
24 23922
48 24798
32 23576
0 23426
0 23330
0 22813
1 23046
2 23078
4 23907
8 19961
16 18950
32 23373
0 23421
0 23267
0 23376
0 23187
1 23728
2 23205
5 23472
10 23213
21 24070
43 24936
23 23874
47 24633
30 21284
61 20520
58 23977
53 24396
43 24272
23 24752
46 24644
29 24359
59 25413
54 24490
45 24612
27 24098
54 22314
45 19494
27 22954
54 24417
44 24090
24 24288
49 26745
34 24724
4 23937
9 23837
19 24636
39 24508
15 22663
31 19392
62 22846
60 24825
57 25016
51 25190
38 24540
12 24152
25 23504
51 24470
38 24900
13 23148
27 23887
55 22004
46 19958
28 23173
56 24862
48 25724
33 24445
3 23546
7 23349
14 23634
29 24336
58 24780
53 24635
43 24370
22 21141
44 19187
24 22780
49 24936
35 23915
6 23296
12 23802
24 23721
49 24412
34 24119
4 24174
9 23994
19 23562
38 25105
13 21262
27 18710
55 23270
47 24566
30 23972
60 24824
57 24865
50 24516
37 24100
11 23608
23 23388
46 24870
29 24056
59 21264
55 21320
46 24294
29 24692
58 25102
53 24622
42 24098
20 23938
41 24138
19 23895
39 23976
15 23703
31 23882
63 20313
62 22764
60 24426
57 25344
51 24929
39 23863
14 23396
28 24079
56 24081
48 24921
33 24578
3 23996
6 22513
13 18761
27 20712
55 24340
47 24495
31 23876
62 25163
61 24557
59 24828
55 24892
46 24614
29 24494
58 24409
52 19874
41 21794
19 23334
39 24174
15 23424
31 24958
63 25202
62 25116
60 24599
56 24840
48 24208
32 24143
0 22572
1 18919
2 19148
5 22272
10 23994
21 23447
43 24993
22 23886
45 24720
26 23782
52 24508
40 23452
16 24078
33 24073
3 23768
6 20022
13 18985
27 22851
55 24543
46 24843
29 24224
58 24568
52 24561
40 24958
17 23840
35 24600
7 24078
15 23723
31 21877
62 20177
60 24431
56 24852
48 25136
33 24067
3 23387
6 23645
12 23390
25 23771
51 25508
39 24251
14 24046
29 23684
58 19158
53 23415
43 24408
23 23681
46 24891
28 24962
56 24678
48 24410
32 24622
0 23454
1 23418
3 23560
6 23264
12 20658
24 19318
49 24062
34 24108
5 23729
11 23906
23 24756
46 24614
28 24746
56 24872
48 25553
32 24288
1 23714
3 23455
7 19367
15 18513
31 23374
62 25239
60 25318
57 24505
51 25176
39 23851
15 24595
30 24534
60 25091
56 25158
49 23122
34 19589
4 20847
9 23044
18 23365
37 24654
11 24102
22 24425
45 24830
26 24682
53 24860
43 24676
22 23910
45 24398
27 20851
55 20381
47 24066
31 24236
62 25033
60 25121
57 24939
50 24724
37 24603
11 24248
22 24131
45 24952
26 24158
53 19453
43 22074
22 24522
44 24885
24 24124
48 23914
33 25007
3 23724
6 23138
12 23644
24 24254
48 24290
33 24060
2 22112
5 18733
11 20580
23 23492
47 25034
30 24336
60 25002
56 24764
49 24838
35 24808
7 23796
14 24057
28 23898
56 24802
49 19679
35 21704
7 23673
15 23774
30 23812
60 25347
57 24562
50 24360
37 24399
10 23376
20 23770
40 24227
16 24312
32 20809
0 18893
0 21890
1 23473
3 23579
7 24102
15 23862
31 24626
63 25216
62 24318
60 25379
57 25151
50 24565
36 23946
9 19651
19 20272
38 23852
12 23824
24 23818
49 24444
34 23506
4 23615
9 23410
19 24054
38 25020
13 24033
26 24329
53 24750
42 19656
20 21070
41 24648
19 23723
38 24554
12 23957
24 23265
49 24940
35 24188
6 24019
12 24593
25 23688
50 24887
36 22053
8 18873
17 21277
34 24201
4 23682
9 23514
19 24054
38 24529
12 23920
24 24208
49 24680
34 23575
4 23685
9 23940
18 23652
37 20287
11 19667
23 23283
47 24292
30 24806
60 25292
57 24536
50 25268
37 24660
10 24215
21 24428
42 24428
21 24076
42 20716
21 19424
42 23177
21 23904
42 24596
21 24234
42 24444
20 24240
40 24736
16 24142
32 24656
1 23809
2 23483
5 23818
10 21178
20 19001
40 22922
16 22872
32 24116
0 23510
1 23246
3 23699
7 24238
15 23365
30 23762
61 25258
59 25279
54 24400
45 21777
26 19175
53 23068
42 24620
21 23967
43 24602
22 24270
45 24514
27 24057
55 24831
46 24978
29 24144
59 25273
54 20793
44 21420
24 23822
49 24516
35 24253
6 23008
12 23715
25 24622
51 24702
39 24870
14 23526
29 23846
58 24742
53 21560
43 19662
22 23392
45 24456
27 24140
55 24901
47 24551
31 24766
62 24942
61 24838
58 25426
52 25035
41 22517
19 19221
39 22788
15 23264
31 24084
62 25062
61 24746
59 25360
55 24633
46 24931
29 23835
59 24646
54 24720
44 19380
24 20878
48 23986
32 24702
1 23492
2 23291
4 23982
9 23568
18 23925
36 24709
8 23928
16 24272
32 24974
0 23277
1 22086
2 18952
5 19911
10 23367
21 23846
43 25318
22 24402
44 24354
25 23738
50 24083
37 24388
10 23930
21 23554
42 24478
21 23233
43 19584
23 21830
46 23796
29 24196
59 24718
54 25204
45 24550
27 24426
54 24570
44 24582
25 24092
50 25056
36 21239
8 18902
16 22255
33 24170
3 23342
6 23776
13 23488
27 24384
54 25298
45 24691
27 24160
55 24784
46 24076
29 24466
58 20376
52 21627
41 23487
19 24067
38 24300
12 23994
24 23892
49 24349
35 24533
7 23549
15 24044
31 24358
62 25344
60 21121
57 21166
50 23862
36 23917
9 23864
18 23584
36 24102
8 23628
16 23605
33 24467
3 23874
6 23672
13 23641
27 24511
55 21301
47 20854
30 23559
60 24910
56 24737
49 24558
34 24741
4 23598
9 23478
18 24258
37 24709
11 23895
22 24260
44 21873
25 18944
50 23136
36 24867
9 23812
18 23849
36 24405
9 23526
18 23121
37 24330
10 23796
21 23426
43 24134
22 23630
45 20971
26 19395
53 23618
43 24971
23 24587
46 24520
29 24188
59 24764
54 25018
44 24628
25 24584
51 25055
39 24798
15 19856
30 20134
61 24223
58 25091
52 25065
40 25022
16 24052
33 24019
3 24142
6 23635
13 23733
26 23746
53 24803
42 20919
20 19324
41 23452
19 23882
39 24187
14 23633
29 23868
58 25117
53 24721
43 24782
23 24001
47 23950
31 24220
63 22122
62 21034
61 24452
59 24576
54 24676
44 24765
24 24084
48 24238
32 24550
0 23074
0 22987
1 23126
2 23625
5 23246
10 19266
20 19738
41 24446
18 23785
37 24126
10 24212
20 24222
40 24636
16 23908
33 23954
2 23356
5 23586
11 23900
23 24256
47 21173
31 19894
63 24387
63 24636
63 24960
63 24414
63 24200
62 25094
61 24431
59 24513
55 24666
46 24329
28 19538
56 23083
48 24690
33 24707
3 23842
6 22869
13 23843
26 24158
53 25388
42 24586
21 23792
42 25382
20 24106
41 20934
18 19217
37 23725
10 24126
20 24425
40 24650
16 23248
32 24219
1 23246
2 23177
4 24176
9 23684
19 24629
38 25079
13 23408
27 19821
55 22580
46 24318
29 23950
58 24993
53 24270
43 24828
22 24920
44 24868
25 24425
50 24475
37 24558
10 21261
21 18740
42 22384
20 23332
40 24199
17 24482
34 23872
5 23608
11 24227
23 24270
47 24757
31 24218
62 25086
61 25313
59 19550
55 22177
46 24287
28 24520
56 24546
48 24398
33 24358
3 23576
6 23685
13 23872
27 24294
55 24862
47 25024
31 20093
62 22054
61 24540
58 24752
53 24822
42 23804
21 23822
43 24458
23 24000
47 24924
30 24427
61 24918
58 20795
52 20738
41 24435
19 23820
38 24902
13 23940
27 24228
54 24838
45 24370
26 23932
52 24437
40 24793
17 23758
34 21020
5 19053
11 22413
22 23552
45 24643
27 24394
54 24686
44 24758
25 24094
50 23908
37 24144
11 23726
23 24352
47 24282
30 19160
61 23144
58 24252
52 25314
41 25394
19 24278
38 24490
13 23832
26 24357
52 24987
40 24623
17 24052
34 22527
5 19034
11 20463
22 23800
44 24572
25 24425
50 24785
37 24148
11 22938
23 23975
47 24489
30 24930
61 25022
59 24654
54 19759
44 21616
25 23338
51 24330
39 24604
15 23844
30 24229
61 25248
59 24988
55 25267
46 24924
28 24204
56 21536
48 20410
32 23492
1 23276
2 23441
5 23264
10 24166
20 23686
40 24550
17 24450
35 24462
7 23655
15 23622
30 23867
61 22378
59 20031
55 23592
47 24336
30 24474
61 25438
59 25527
54 24699
44 24384
25 24198
50 24660
37 24448
11 23524
22 19564
44 20424
25 23612
51 24580
39 24259
15 24051
31 24554
63 24830
63 25678
63 24665
62 24520
60 25228
57 21221
51 20832
38 23740
13 23247
26 23699
52 24486
41 25411
18 24110
37 23981
11 23642
23 24127
46 24339
29 24420
59 21261
55 20974
47 23979
30 24236
60 25118
56 24590
48 25039
32 24136
0 22980
0 23690
0 23029
1 23948
3 23068
7 23016
15 21414
30 19539
60 24464
57 24476
50 24638
37 24156
10 23404
20 24290
40 24526
17 23942
34 24398
4 23480
8 23332
17 23840
34 19688
4 19890
8 22618
17 24368
34 24142
5 24237
11 23817
23 24132
47 24538
30 23890
61 23851
58 23899
53 24975
42 21649
21 19277
42 23206
20 23584
40 24860
17 23908
35 23681
6 23519
13 23610
27 24198
55 24699
46 24642
28 24222
56 24683
48 19810
33 21446
2 23652
4 23372
9 23618
18 23330
37 24254
10 23074
20 24541
41 24712
18 24450
36 24289
9 24164
19 24381
39 21194
15 18836
31 22806
62 25062
60 25333
57 24283
51 24840
38 24593
13 23764
27 24154
55 24922
46 24911
29 24635
58 19956
53 22334
43 24142
22 23820
44 24853
24 24246
49 24867
34 24118
4 23114
8 23746
17 24162
35 24827
6 23431
13 21732
27 18871
55 22961
46 24538
29 24162
59 25129
54 24830
44 24843
24 23906
48 24402
33 23930
3 23330
7 23606
14 23440
28 19188
56 22526
49 24978
35 24970
7 23362
15 23872
30 24126
60 24492
57 25254
50 24622
36 24704
9 23793
18 23930
36 19853
8 20496
17 23100
34 24574
5 24004
11 23402
22 23724
45 24936
27 24310
55 24682
47 24247
31 24099
63 25318
63 21281
63 22242
63 25108
63 25252
62 25128
61 24914
59 24792
55 25013
47 24951
31 24279
63 24700
62 22992
61 20171
58 23838
53 24501
43 24204
23 23662
46 23970
28 24960
57 25219
50 24514
37 24213
10 23232
21 24583
43 20541
23 19652
47 23772
30 24211
61 25267
59 24860
54 24825
45 24191
27 24272
55 24712
46 24726
28 24330
57 22385
51 20224
38 23516
12 23575
25 23710
51 24451
39 24247
15 24135
31 24276
63 24560
62 24654
61 25146
59 24806
54 20341
44 22008
24 24289
48 24426
32 24892
1 23438
3 23920
7 23652
15 23630
30 23908
60 24581
57 24828
50 24994
36 20923
8 18773
16 22284
32 24032
1 23215
2 23956
4 23578
8 23821
17 23416
35 25029
7 23728
15 24063
31 24438
63 25188
62 24547
61 24394
58 24809
53 24836
42 24577
21 24181
42 25158
21 23444
43 25302
22 24413
44 24614
25 24756
51 19739
39 21468
14 23621
29 23890
59 25283
55 25424
47 24647
31 24708
63 24388
63 24918
63 24423
63 25238
62 20073
60 22656
57 24521
51 25068
39 24484
14 24290
29 24324
58 24806
53 24854
43 24098
23 24916
46 24261
29 21239
59 19944
55 23907
46 24812
29 24036
58 24506
52 24850
40 23928
16 23932
32 24354
0 23618
1 23517
3 23312
6 23104
13 19253
26 19880
53 24141
42 24760
21 23711
43 24613
23 23747
46 25045
29 24054
59 25012
54 24198
45 24501
27 24054
54 19051
44 22373
25 24158
50 24658
37 24198
10 23363
21 24486
43 24523
22 23949
45 24829
27 24195
55 24944
46 25034
28 19382
57 21480
50 24142
36 24060
8 23661
17 23957
34 24382
4 24330
8 23792
16 23736
33 24524
3 23148
7 23578
15 23574
31 20391
62 21460
60 25096
57 24821
51 25098
39 24548
15 23929
31 24394
62 24583
61 24774
59 24572
55 25330
47 20246
31 21102
63 24660
63 24936
63 24636
62 25206
60 24712
56 25200
49 24519
34 24249
4 23024
9 23261
19 21770
39 19012
15 22333
31 23588
62 24764
61 24730
58 25190
53 24776
43 25444
23 23732
47 24553
30 24532
61 25612
59 19821
54 23044
44 24806
24 24189
49 24702
35 23944
7 23531
15 23822
30 23677
61 25145
59 24098
54 24703
44 22134
24 18885
49 23111
34 23908
4 23620
9 23919
19 23800
38 24360
12 23940
24 23760
48 23993
32 23867
1 24058
3 23226
6 23045
13 19552
27 19573
54 24100
45 25458
27 25079
54 24716
45 25170
27 24175
54 24828
45 24860
26 23914
52 24955
40 23186
17 19458
34 22196
4 23524
8 23716
16 23696
32 24354
0 23612
1 23885
3 23163
6 23448
13 24105
27 24275
55 24653
47 24948
30 21188
60 20542
56 24462
49 24462
34 24358
4 23898
9 23364
19 23653
38 24076
12 23758
24 23934
49 24734
34 24510
5 22856
10 19338
20 19805
41 23932
19 23692
38 24325
12 23942
25 24280
50 24316
37 24721
11 23662
22 24012
45 24768
26 24332
53 22429
43 19753
22 23132
44 24064
25 24100
51 24701
39 24288
14 23640
29 24406
59 24820
54 24382
45 24830
27 24175
54 20904
45 20642
26 23798
52 24692
41 24906
19 23788
38 24434
12 23598
25 23060
51 24252
39 24584
14 23886
28 24188
57 22352
51 20062
38 23974
13 23675
27 23881
55 24512
47 24617
30 23878
60 25517
56 25302
48 24252
33 24262
2 23442
4 20601
8 18699
17 21258
35 23808
6 23614
13 23669
26 24224
52 24550
40 24247
17 24108
35 24310
7 24290
15 24378
31 24382
62 21907
61 19995
58 24060
53 24590
43 24670
23 23682
46 24648
29 24384
58 25032
52 25236
40 24570
16 23831
32 24110
1 20028
3 18863
6 22880
12 23669
25 24530
50 24351
36 24592
8 23697
16 23670
32 24205
0 23324
0 23561
1 23526
2 23426
5 23784
10 21080
21 19125
42 23262
20 24005
40 24614
17 23631
35 24421
6 24048
13 23876
26 23599
53 25294
43 24867
22 24706
45 24540
27 20154
54 21613
45 24021
26 23737
52 25020
41 24754
19 23566
38 24281
13 24286
26 24723
53 24508
43 24692
22 24355
44 19703
25 20880
50 23972
36 24138
9 24324
18 24356
37 24220
11 23534
23 24216
47 24668
31 24980
62 25256
61 25268
58 19839
52 21896
40 24156
17 23458
34 24264
4 23524
8 23034
17 23940
34 24345
5 23948
10 23608
20 23997
41 24158
18 23983
36 20102
9 19063
19 22832
38 24720
12 23754
25 24483
50 25224
36 24631
8 23834
17 23546
35 25028
6 23762
12 23719
25 24268
50 21523
37 20678
11 23650
22 23676
45 24258
27 23316
55 25049
47 24510
30 24064
60 24904
57 25252
50 25040
37 24486
11 19968
22 19582
45 23826
26 24352
52 24644
41 24907
18 24072
36 23931
9 23128
19 23711
38 25059
12 23352
24 23616
49 23303
35 19482
6 21384
12 23800
24 24090
49 25034
34 24468
4 23806
8 23395
17 23620
34 24350
5 23455
10 23789
20 23638
41 25062
19 19892
39 20565
15 23386
30 23763
60 24736
56 24360
49 25216
34 24316
4 22701
9 23605
19 24078
38 24060
13 23482
26 23329
53 19300
43 23016
23 24019
47 23856
30 23932
61 24956
59 25064
55 24589
46 24424
28 24170
57 25084
51 24800
39 19822
14 20234
29 23804
59 24963
54 25074
45 24732
27 24186
55 25664
46 24806
29 24910
58 25378
52 24686
40 21551
17 19459
35 23303
6 23576
13 23903
26 24284
52 24322
40 24302
16 24374
32 24635
0 23686
1 23073
2 23701
5 22877
10 23551
21 19704
42 20107
20 23780
41 24340
19 24064
39 24462
14 24070
28 23880
56 25240
49 24419
34 24636
5 23774
10 23260
21 23328
42 18778
21 21624
43 24264
22 24248
45 24278
26 24136
52 24755
41 24458
18 24032
37 25226
11 23672
23 23676
47 25034
31 20267
63 21756
62 24396
60 25174
57 24398
50 24648
36 24572
8 23376
16 23750
33 24681
3 23244
7 22924
14 23950
28 20454
57 20196
51 23806
38 24114
13 23374
27 23514
55 24862
46 24581
29 24557
58 25019
53 24804
43 24646
22 23896
45 19473
27 20960
55 24442
47 24436
31 23649
62 24658
61 25184
59 25324
54 24380
45 24256
27 24267
55 24354
46 20287
28 21138
57 24542
51 24628
39 23860
14 23985
29 23994
58 24374
53 24932
42 23904
20 24526
40 23990
16 24092
32 19453
1 19112
2 22003
4 23300
8 22865
17 24186
34 24330
5 23443
11 23822
23 24206
47 24098
30 23926
60 24958
56 24974
49 21322
34 20390
4 23126
8 23178
17 24457
35 24123
6 23578
12 23362
25 23739
51 24414
38 24618
12 23208
24 24628
48 24816
32 20378
1 18948
2 21762
4 23658
9 23524
18 23440
37 24816
11 24132
23 23810
47 24753
30 24046
60 24654
56 24174
48 24490
33 19888
3 18604
7 22348
15 23482
31 24124
62 24860
61 24763
59 25324
55 24885
46 24766
29 24546
59 25404
54 24362
44 19188
25 21726
50 24217
36 24260
9 24171
19 23803
39 24702
14 23246
29 24069
59 25259
55 24892
46 24514
29 23800
59 19697
55 23014
47 24084
31 24284
63 25006
62 24621
61 24830
59 25020
55 24679
47 24667
30 23969
61 23472
58 19012
53 23249
43 24804
23 24582
47 24886
30 24964
60 25210
57 24713
50 24581
36 23862
9 24243
19 23787
38 21228
13 19038
26 22798
52 24506
40 24200
16 24014
33 23537
3 23428
7 24420
14 23288
28 23914
56 24503
48 24614
33 23995
3 20379
7 18962
15 22433
30 24577
61 24842
58 25111
52 25445
40 24537
17 24162
35 24562
7 24262
14 23440
29 24032
58 22428
52 19490
41 23700
19 24216
39 24249
14 24174
28 24403
56 24694
49 24699
34 24293
4 23742
8 23972
17 23756
35 24374
6 19541
13 18621
27 23016
55 24715
46 24743
29 24808
58 25056
53 25046
43 24763
23 24191
47 24453
31 24734
63 24912
63 19521
63 23244
63 25438
63 24687
63 25230
62 25214
61 25126
59 24697
54 24795
44 24676
25 24256
50 21115
36 19458
9 22712
18 23603
37 24284
10 23702
21 23746
43 24482
23 23948
46 24750
29 23398
59 24946
55 24790
46 22600
28 19115
56 23490
49 24348
35 24492
6 23222
12 23866
25 24764
51 25024
39 24426
15 23803
30 24405
60 24808
57 23232
50 19907
37 23776
10 23626
20 24022
41 24649
18 24437
36 23876
8 23866
16 24012
33 23975
3 23128
6 22868
13 23138
26 23683
53 19456
43 22236
22 23870
45 24554
26 24524
53 24345
43 24987
22 23815
44 24544
25 24023
51 24532
39 24806
14 24022
28 19542
57 22214
51 24260
38 23971
13 23845
26 23428
52 24776
41 24633
19 23512
38 24474
12 23639
24 24019
49 24586
35 20001
6 19630
13 23149
27 23885
55 24464
47 24920
30 24092
61 24988
59 24990
55 25017
47 24758
30 24408
60 23396
57 19603
51 23792
39 24316
14 24401
29 24222
59 25207
54 25137
44 24616
24 24382
49 24770
34 24566
4 23542
9 21510
19 19060
38 22206
13 23956
26 23936
52 25057
40 24847
16 24518
32 24268
1 23005
3 23820
6 23056
13 23488
27 24374
54 23691
45 19468
26 21834
52 24884
40 24614
17 23974
34 24054
4 23782
8 23152
17 23256
34 23994
5 23794
11 23928
22 24014
45 23751
26 19366
53 22558
42 24873
21 24076
42 23778
20 24042
40 24806
16 24443
33 24298
3 23738
6 24072
13 23617
27 23946
55 21892
46 20280
28 23152
56 24469
48 24337
32 24373
1 23707
3 23386
7 23298
15 23494
31 24208
62 25340
60 24778
57 22473
51 19818
39 23776
15 24484
31 23974
62 24970
61 24817
59 24854
55 24798
46 24336
29 24532
59 24403
54 23542
45 19387
26 22056
53 24384
42 24542
21 23888
43 23996
22 24636
45 24719
27 24118
55 24662
47 24708
31 24089
62 22041
61 20476
58 23870
53 24864
43 24907
23 24764
46 24630
29 24943
59 25253
55 25242
46 24673
28 23930
57 22376
50 19698
37 23750
11 23959
22 24020
45 24606
27 24660
55 24889
46 24220
28 24586
57 25079
50 24866
36 24395
8 21235
17 18875
35 22174
7 23248
14 23462
29 24734
59 24820
54 24506
44 23804
25 24380
50 24393
37 23849
11 23980
22 23915
45 20167
27 20528
54 24916
45 24639
27 24224
54 24741
45 24516
26 24765
52 24887
41 23918
19 24435
38 24955
12 23749
25 20385
50 22037
36 24542
8 23414
17 23832
35 24250
6 24034
13 23718
26 24318
52 24766
40 24805
17 24130
34 24384
4 23463
9 19234
18 19334
36 23616
9 23698
18 23564
37 23815
10 23486
21 23540
43 24624
23 23113
46 24404
28 24748
57 24695
50 22626
36 18720
8 21598
16 22930
32 24031
1 23692
2 23318
5 23782
11 24000
22 23938
44 24453
24 24074
48 24394
32 24608
1 23340
3 20422
6 18288
12 21980
25 23605
50 25150
37 24286
10 23800
20 23884
40 25052
17 24001
35 23933
7 23113
14 23654
28 23944
57 21642
50 20490
36 23572
8 23632
16 23928
32 23897
0 22894
1 23432
3 23898
6 23024
12 24162
24 23847
48 24628
33 24254
3 23759
6 19915
13 19046
27 22550
54 25224
44 25003
24 23836
49 24656
34 24442
4 23233
8 23358
16 23933
32 24730
1 23710
2 23533
5 20716
10 18566
21 21436
42 24188
21 23951
43 27449
23 24421
47 25109
30 23798
60 25040
56 24537
49 24860
35 20304
6 19102
12 22883
24 24617
49 24435
34 24047
5 23868
10 23690
21 24088
43 24772
23 23916
46 24297
29 24684
59 24501
55 19885
47 22059
31 24043
63 24803
63 24545
62 24920
60 25551
57 25072
51 24459
38 24822
12 24014
25 23752
51 19574
39 20830
15 23588
30 23744
60 25207
56 24531
48 24810
32 24086
1 23433
2 23200
5 23741
10 23652
21 23682
42 23999
21 19602
42 22370
20 23991
41 23964
19 23807
39 24044
15 23477
30 24004
61 25064
59 25192
54 25218
45 25298
27 22963
55 19615
47 22635
30 24617
60 24826
57 24838
51 24810
39 24248
14 24000
29 24424
58 25496
53 24970
43 24658
23 19832
46 21300
28 24358
56 24604
48 24760
32 24560
1 23893
2 23582
4 23076
9 23578
19 24002
38 24274
12 24506
25 24105
50 19589
37 21728
11 23800
22 24206
45 25175
26 24529
53 25054
43 25205
23 24222
46 24667
28 23964
57 25037
50 23851
37 19625
11 21324
22 23115
44 24439
24 23892
48 25290
32 24528
0 23781
1 23065
3 23628
7 23738
14 24250
29 24084
58 25177
52 19639
40 21710
17 23726
34 24505
4 23300
8 23381
16 24511
33 24388
2 23332
5 23621
11 24418
23 24820
47 24284
31 24364
62 20295
61 22506
59 24820
55 24613
46 24454
28 24380
57 25044
51 24450
38 24490
13 23647
26 24204
53 24142
42 21225
20 19142
41 23772
18 23754
36 24764
9 23891
18 23625
36 24036
8 23994
17 23481
35 24092
7 23672
15 23728
30 24446
61 21875
58 20651
53 23824
43 24850
23 23913
46 25034
29 23849
59 24987
55 24833
47 24640
31 24193
62 24911
60 22674
56 20096
48 23928
33 24763
3 23854
6 23732
12 23163
25 24360
51 25296
38 24451
12 23753
25 23829
50 24827
36 24744
9 19784
18 19203
37 22982
11 23972
22 24044
44 24830
24 24091
48 24187
33 24573
2 23741
4 23414
9 23649
19 24105
39 24618
15 20865
30 19236
61 24166
59 24167
54 24690
44 24272
24 23646
49 24873
35 24457
6 23116
12 23475
24 24253
49 24414
35 21150
6 18880
12 22146
25 24082
51 24736
39 24368
15 24760
30 24010
61 25064
58 24768
53 24922
42 24548
20 24240
41 21741
19 19260
38 23070
13 23450
27 24496
55 25104
47 24500
30 24553
61 25540
59 24889
54 24601
45 24508
26 24668
53 21172
43 21174
23 23502
46 24126
28 24596
57 25086
51 24625
38 23784
13 24375
27 24124
54 24545
44 24321
24 24036
49 19890
35 21332
7 23142
15 23958
31 24700
63 25598
63 25278
62 24710
61 25384
59 25566
54 25016
45 24818
26 21176
53 20200
43 24314
22 23913
45 24366
27 23991
55 25025
47 24378
31 25214
63 25468
63 25204
63 25157
62 22173
61 21074
58 24786
53 24879
43 24930
22 24443
44 24469
25 24088
50 24699
37 24338
10 23892
21 24087
43 24723
23 19999
46 20284
28 24250
56 24952
48 25032
33 24310
3 23982
7 23536
14 23654
28 24212
57 25082
50 24991
37 24984
11 21431
23 18957
47 23319
30 24067
60 24992
56 25092
48 24466
32 24253
1 23461
3 23850
7 23296
14 23366
29 24227
58 25363
52 19647
40 22534
17 23625
34 24140
4 23823
8 23030
16 23936
33 24287
2 23498
4 23834
8 24143
17 24675
34 25199
5 23756
11 21859
23 19268
47 23226
30 23842
61 24699
58 24319
53 24704
43 24352
22 24418
45 24652
26 23694
53 24338
42 24190
20 20373
41 19626
18 22720
36 23780
8 23251
16 23384
33 24286
2 23656
4 23414
9 23990
18 23596
36 24504
9 23840
18 23507
37 23903
10 19732
21 20771
43 24244
22 23626
44 24403
24 24084
49 24778
35 24822
6 23630
13 23834
26 24334
52 24184
40 24036
16 20634
32 19336
1 21840
2 22786
5 23456
10 23972
20 23700
40 24028
17 23799
35 24164
6 24378
12 23658
24 24212
49 24550
35 24076
7 19723
14 19191
29 23324
59 25168
54 25177
44 24446
25 24159
51 25134
38 24034
12 23992
25 23803
51 24434
38 24174
12 20321
24 18671
49 24094
34 23777
5 22721
11 23938
23 23888
47 24289
30 24247
60 24680
56 25475
49 24656
35 24541
7 21999
14 19502
28 22042
57 24555
50 24907
36 24252
8 23794
17 23836
34 23806
4 22978
8 23220
17 23886
34 24403
5 23740
10 23323
20 19334
40 21969
17 23532
35 24636
6 23402
12 23790
24 24448
49 24589
34 24035
4 23544
8 24012
17 24457
35 24320
6 23673
12 20193
25 18739
50 24156
36 24477
9 24420
19 24420
38 24561
13 24004
27 24446
54 25126
45 24420
26 24170
53 24809
43 21973
23 19165
47 23166
31 24153
62 24984
61 25347
58 25027
53 24826
42 24358
21 24417
42 23675
21 23940
42 24570
20 20108
41 20280
19 23342
38 24289
13 24356
27 23722
55 24946
47 25217
31 23588
63 25142
62 25480
61 25191
58 22909
52 20110
40 23866
16 23214
32 23912
0 23693
0 22873
1 23749
3 23550
7 23996
15 23750
31 24633
62 25022
61 24985
59 22414
55 20077
46 23768
28 24072
56 24477
49 24518
35 24702
6 23953
12 23459
24 23899
49 24437
34 24455
4 24102
9 23433
18 19116
37 21854
10 23384
21 23590
42 23718
20 23628
40 24350
17 23810
34 24394
4 23844
8 23572
17 23468
34 24230
5 23138
11 20091
23 18518
46 23078
28 24390
56 24870
49 24489
35 24175
7 23792
14 24000
29 23892
58 25169
52 24348
40 24264
16 20974
33 18928
2 22585
5 23546
10 23508
21 24276
43 24352
22 24015
45 24475
26 23952
52 24546
40 24397
17 24268
35 24842
7 20923
15 18409
30 22149
61 24892
59 25342
55 24348
47 25000
30 24361
61 24750
58 24243
52 24478
40 24492
17 23716
34 19416
5 20014
11 23203
23 23966
46 23996
29 24378
58 24828
52 24830
40 24796
17 23906
35 24594
7 23853
15 23848
30 21624
60 19734
57 24052
51 24481
38 24608
12 23761
25 24365
50 25596
36 24279
9 24342
19 24405
38 24288
13 23687
27 23280
54 19370
45 22963
27 23039
54 24123
45 24899
26 24224
53 24252
43 24476
23 23399
46 24223
29 24428
58 25160
53 20990
43 20654
22 23430
44 24339
25 24193
51 24304
39 24486
14 23256
29 24054
59 24847
54 24861
44 24220
24 24031
48 20194
33 20247
2 22800
5 23168
10 23508
21 23930
42 24734
20 24279
41 24204
19 23874
39 24644
15 23941
30 24462
61 25580
59 19775
54 22248
45 24545
27 23894
55 24724
47 24745
31 24411
62 25120
61 25459
59 24944
55 24546
46 24286
29 19755
59 22345
55 24640
46 24289
28 24252
57 24658
50 24542
37 25108
11 23788
22 23749
44 24907
25 24230
50 22999
36 19488
8 21461
16 23602
32 23741
1 23424
2 23563
5 22970
11 23788
22 24087
45 23806
27 24383
54 24355
44 24722
25 23259
50 19423
36 21958
8 23622
16 23899
32 24036
1 23601
3 23886
7 23343
14 24212
29 23934
58 25068
53 24742
43 24395
23 23158
47 19328
31 21985
63 24387
63 24708
63 25401
62 24790
61 25312
58 24775
52 24574
40 24571
17 24747
34 22763
5 19279
11 20406
22 23764
44 24572
24 23720
48 24352
32 24360
1 23118
2 23357
4 23392
9 23645
19 23942
38 25034
13 23968
26 20623
52 20036
41 23697
18 24565
36 24400
9 23087
19 23282
39 23725
14 23654
29 24105
58 24764
53 24926
42 24892
21 22387
43 19047
23 22428
47 24508
30 24385
61 24842
59 24790
54 25077
44 25100
24 23697
48 24673
33 24771
2 23571
5 22517
10 19166
21 21200
43 24284
22 24513
45 24440
27 23954
55 25022
47 24597
31 24722
63 25037
62 25330
61 25236
58 21078
52 21284
40 24594
16 23918
33 24910
3 23322
7 23580
14 24174
28 23842
56 24598
48 24443
32 24597
0 23347
0 22992
1 19899
2 18649
4 21539
8 23202
17 23423
35 24991
6 23854
13 23298
26 24414
53 24742
42 24648
20 24591
40 24300
16 23832
32 22669
1 19089
3 19790
7 22519
14 23458
29 24356
59 25044
54 25820
45 24990
26 23668
52 24845
40 24619
17 24048
34 24323
5 20981
10 18670
21 22051
42 24710
20 23713
40 24355
16 24439
32 24430
1 23091
3 23637
7 23754
14 24006
29 24382
59 24550
55 21784
46 19609
28 23126
56 25150
48 24894
33 24611
3 24250
7 23621
15 23278
31 23747
62 25406
61 24370
58 25615
53 21551
43 20884
22 23244
45 24718
26 23962
53 24896
43 24363
22 24049
44 24552
25 24346
51 24534
38 24460
13 23841
26 20491
53 20030
43 24261
23 24437
46 24694
29 24020
58 25154
52 24740
40 24704
17 23892
34 24304
4 23801
8 23450
17 22204
35 18951
6 21448
13 23774
26 24358
52 24522
40 24497
17 23685
34 24032
4 23374
9 23647
19 23574
38 23996
13 23858
26 24203
52 19937
41 22330
19 23447
38 24427
13 23670
26 24142
52 24796
40 24324
17 24174
34 24262
4 24373
8 23118
16 23941
33 22008
2 19271
5 20976
11 23138
22 24020
45 24382
27 24254
54 24276
45 24661
27 23811
55 24306
46 24459
29 24615
58 24830
52 19040
41 21974
19 23745
38 24417
13 24248
27 23417
55 24700
47 24450
31 24552
63 25018
63 25336
63 25193
62 20972
61 20957
58 24478
53 24605
42 24078
20 24353
40 24587
16 24014
32 24316
1 23556
3 23160
6 22922
13 24132
27 24214
54 19502
45 22568
27 24322
55 25177
46 24574
28 24708
57 25032
51 24766
39 24057
15 24226
31 24283
62 25042
60 21356
57 21520
50 24510
36 24460
9 24118
19 23031
39 24532
15 23844
31 24814
62 25006
61 25194
58 24732
52 24272
41 19591
19 21056
39 24158
14 23977
28 24616
56 24838
48 23922
33 23691
2 23675
4 22848
8 23745
16 24056
32 24275
0 22997
0 19700
0 18553
0 21531
0 22947
0 23788
1 23520
2 23196
5 23800
10 23722
21 23909
43 24559
23 23964
47 24210
31 24516
62 24884
61 20062
59 23210
54 24323
44 23941
25 24100
50 24798
37 24102
11 23530
22 24117
45 24291
26 24259
53 24552
42 22688
21 18522
42 21164
21 23776
42 24488
20 24314
41 23698
18 24484
36 24663
8 23664
16 23903
33 24486
2 23439
5 23334
11 24034
23 19817
46 21628
29 23870
58 24828
52 24643
41 24349
19 24176
38 24357
12 24123
25 23861
50 24441
36 24188
9 22980
18 20086
36 19033
8 22026
17 24152
35 24202
6 27149
13 23440
27 23888
55 24374
47 24856
31 23417
63 24889
62 21887
61 20990
58 24355
53 24388
43 24507
23 23696
46 24107
28 24667
56 25468
48 24580
32 24424
0 23224
1 23757
3 20385
7 18649
14 22089
29 24102
58 24784
52 24531
40 24996
17 23552
34 24638
5 23822
11 24260
23 24215
47 24926
30 24859
61 20072
58 22149
52 24915
41 24596
18 24644
37 24850
10 23731
20 24031
40 24712
16 24592
33 24526
2 23499
5 23792
11 22670
22 18966
44 22202
24 24389
48 24441
32 24622
0 24020
1 23729
2 23194
4 23223
8 23622
16 24196
32 24422
0 24057
0 23221
1 22350
2 18712
4 18786
8 23022
16 23959
32 24404
1 23576
3 23461
6 23654
12 23796
24 24137
48 24594
32 24595
0 23133
0 23361
0 23953
1 21069
2 19016
5 21656
11 24056
22 23748
45 24789
26 24117
53 24673
42 24766
21 24258
43 24524
22 23622
44 25001
25 23646
51 20375
38 21592
12 23421
24 23984
48 24616
32 24632
0 23085
0 23219
0 23679
1 23437
2 23480
4 23706
8 23555
17 24509
35 24362
7 19990
14 19351
28 23206
56 24947
48 25251
33 24232
3 23735
7 23608
15 23984
30 23955
60 25366
56 24407
49 24806
34 20821
5 18622
11 21549
22 23788
44 24715
24 24184
48 24702
33 24268
2 23551
4 24162
8 23978
16 23266
32 23972
1 23144
2 23197
4 20148
9 18605
19 22766
39 24104
15 23425
30 23966
60 24908
56 25063
49 25036
35 24259
7 23656
15 23652
31 24650
62 24440
60 19677
56 24284
49 24828
35 24911
7 24142
15 24531
31 24490
62 26079
61 25128
58 24742
53 24744
42 24596
20 19342
40 21064
16 23008
32 23740
0 23481
1 23122
2 24065
5 23527
11 23672
23 23867
47 24978
30 24242
60 25050
57 24655
51 19559
38 21604
13 24189
26 23894
53 24677
43 24892
23 23922
46 24692
28 24354
57 24992
50 24808
36 24860
9 23951
18 19566
36 20560
9 23116
19 23897
39 24742
15 25172
30 24370
61 24769
58 24788
52 24879
41 24796
18 24195
36 24596
8 20148
16 18768
32 23139
0 23470
0 23583
0 23680
1 23281
3 24339
6 23908
13 23116
26 23857
53 24983
43 24386
23 24589
47 24542
31 19581
63 21411
62 25100
60 24812
57 24924
51 24828
39 24404
15 24402
31 24362
63 25830
62 24276
60 24643
56 19632
49 22033
35 23523
6 23907
12 24456
24 23993
49 24798
34 24321
4 23446
9 24098
18 24086
37 24830
10 23720
21 23017
43 19178
23 21123
46 24068
29 24242
59 24771
54 25099
44 24896
25 24222
51 24516
39 24618
14 23852
28 24056
57 23003
50 19367
37 23103
10 23228
21 23790
42 24795
21 24684
43 24747
23 24251
47 24849
31 24590
63 24478
63 25393
63 21980
63 21390
63 24153
62 24746
61 24637
58 24940
53 24807
42 24423
20 24076
41 24682
18 24357
37 24028
11 22036
23 19176
47 22310
30 23230
61 24923
58 25562
52 24605
40 24272
17 23866
35 24697
7 23819
14 23550
28 23764
57 23687
51 19582
39 23282
14 22820
28 23740
57 25015
51 24424
39 24310
14 24122
29 24685
58 24836
53 24958
43 24846
22 21592
45 19507
27 23302
55 24404
47 24485
30 24768
61 24836
58 24734
52 24714
41 24426
19 23764
39 23784
14 23802
29 20458
59 20840
54 24502
45 24368
27 24418
55 24550
47 24916
30 23716
61 24821
59 25333
55 24862
46 24816
29 21093
59 20454
54 23862
45 23920
27 24530
55 25347
46 24340
28 24455
56 25083
49 24277
35 24372
6 23868
13 23950
27 20197
55 21285
47 24526
30 23967
60 25047
56 24828
49 24659
35 24613
7 23366
15 24109
30 24394
60 25320
56 22956
48 19499
33 23030
2 23248
4 22865
9 23817
18 24405
37 24096
10 23884
20 23428
40 24321
16 23554
32 24337
0 23241
0 23359
0 20484
0 18464
0 20182
1 22710
3 22970
7 23330
15 22970
31 24156
62 24746
60 24963
56 24663
49 24803
35 24550
7 24326
14 22702
29 19454
59 23117
54 25084
45 24867
26 24591
53 24808
43 24438
23 24420
46 24518
28 24625
57 24776
50 24981
36 20080
9 19377
18 22362
37 23795
11 23955
22 24260
44 24738
25 24158
51 25418
39 24278
14 24224
29 24040
58 25152
52 22548
40 19709
17 22798
35 23652
6 23807
12 23486
24 23808
48 24838
33 24056
3 23714
6 23630
13 23302
27 23916
54 25170
44 22230
24 19388
49 23324
35 24798
7 24323
14 23840
29 24144
59 24830
55 25108
47 24168
31 23851
63 25324
63 25514
63 20404
63 22328
62 25165
61 24675
58 24644
53 25050
42 24833
21 24546
42 24446
21 24036
43 24240
23 24193
47 21856
30 19346
60 24936
57 24604
51 24432
38 24146
12 24151
25 24124
50 24828
37 24188
11 23216
22 24014
45 25191
27 21347
55 19792
46 23754
28 24072
56 25189
49 24408
35 24072
6 23896
13 23940
26 23942
52 24373
40 24402
16 24444
33 21530
2 18523
5 21142
11 23321
23 23990
46 24137
29 24569
59 25427
55 25169
46 25532
29 24374
59 24772
54 24800
44 22586
25 19400
51 23484
39 24650
15 24100
31 24802
63 25109
63 24916
62 25060
60 24630
56 24292
48 24707
32 23446
1 18953
2 18958
4 23012
9 23980
18 23772
37 24579
11 24068
23 23932
47 24366
31 24968
62 25122
60 25052
56 24586
48 21407
32 19609
1 23006
3 23157
7 23847
14 23988
29 24350
58 24852
52 25060
40 24506
17 23517
34 24200
5 24026
10 23291
20 21460
41 19637
18 22548
36 24155
9 23818
18 24287
37 24403
11 23596
23 23968
46 24685
29 24555
59 24911
54 24892
44 24383
24 19488
48 21456
32 24262
0 23424
1 23396
3 24075
6 24116
12 24548
25 24188
50 24662
36 24490
8 23436
17 24106
35 24087
6 20202
12 18882
24 23306
48 24679
33 24614
3 24281
6 24465
13 24413
26 24204
53 24995
42 24402
20 24106
40 23842
17 23954
34 19872
4 18910
9 22372
19 23286
38 24670
13 23880
26 24276
52 24279
41 24684
18 24196
37 24550
11 24014
22 24450
44 24624
24 20042
49 20622
34 23448
5 23732
11 23214
22 24076
45 24220
26 24006
52 24230
41 25148
18 24274
37 24358
11 24144
22 24463
45 19601
27 21897
55 24156
47 24406
31 24340
63 25280
63 25403
63 25379
62 25682
61 24926
59 25162
55 22293
46 19748
29 22992
59 25372
55 24478
46 24159
28 23925
56 24806
48 24292
33 24603
2 23104
5 23478
10 23306
21 23226
42 19429
20 21905
40 23820
17 23446
35 24751
7 23898
15 23820
30 24332
61 24651
58 25470
53 24643
43 24850
22 23913
44 19813
25 21022
51 24372
39 24601
14 24054
28 24495
57 25003
50 24669
37 24637
10 23448
21 23710
43 24724
23 24030
47 20635
30 19756
60 24266
57 24402
50 24041
36 25063
9 23545
18 23298
37 24643
10 23480
21 24317
43 24390
22 24424
45 21099
26 19212
52 23646
41 24122
19 24322
38 24648
12 24076
24 24409
48 24826
32 24070
0 23935
0 23738
0 23908
0 23170
1 23143
2 18933
4 18637
8 22623
17 23842
35 24636
7 23992
14 23288
29 24313
59 24765
54 24606
45 24460
26 24364
52 25169
40 22543
17 18647
34 21692
5 23696
10 23800
21 24366
43 24708
23 24312
46 24413
29 23955
59 24614
54 24329
44 25248
25 24070
50 19863
37 21625
10 23568
20 23874
41 24326
18 23778
37 24150
11 23644
23 23971
46 24934
28 23900
57 24598
50 24650
37 21113
10 19151
21 23406
43 24596
23 24459
47 24703
31 24440
62 25375
61 25318
59 25062
54 24257
44 23424
25 24284
50 19685
36 21680
8 24312
17 24010
34 24023
4 23864
8 24225
16 23866
32 23974
1 23405
2 23084
4 23224
8 23905
16 23778
32 23755
1 19279
3 19801
6 23119
12 23447
25 23934
51 24234
38 25096
12 23744
25 23906
50 25085
37 24270
11 23670
23 24309
47 24173
30 20044
61 22455
59 24746
54 25304
45 24446
27 24484
55 24379
46 24364
28 23950
57 25052
51 24916
38 24650
13 19874
26 19413
53 24379
43 24651
23 23948
46 25280
29 24089
59 25076
55 24657
47 24860
31 23961
62 24743
60 22799
56 19674
48 23918
33 23961
3 23129
7 23630
15 23591
30 24416
60 25634
57 24160
51 24539
38 24424
13 24067
27 23200
54 19241
45 22940
26 24752
53 24782
43 24062
23 24928
46 24470
29 24446
58 24740
52 24893
41 24514
18 24340
37 21310
11 19473
22 22542
44 24624
25 24548
50 23952
36 23934
8 23281
17 24004
35 24319
7 23879
14 23147
28 23633
57 24766
50 20154
37 20320
10 23714
20 23984
41 24452
18 23708
36 24318
9 23736
18 24422
37 24308
10 23350
20 24506
41 24145
18 23749
37 19661
11 19479
22 23424
44 24614
24 23804
49 24406
35 24156
7 24188
15 23972
31 24845
62 24853
61 25010
59 24459
55 20674
47 21271
31 23638
62 24848
61 24704
59 24476
55 24217
47 24672
30 24124
61 25158
58 24814
53 24771
42 20033
21 20534
43 23918
23 24001
47 24788
30 24537
60 24684
57 24648
51 24784
39 24670
15 24342
31 24360
62 23286
60 19836
56 23270
48 23883
32 24404
1 24138
2 23294
5 23332
10 24058
21 23379
42 24134
20 23772
40 24813
16 23756
32 22384
1 18743
3 21068
6 23190
12 24144
24 24080
49 24658
35 24062
7 23569
15 23819
31 24352
62 24812
61 25677
59 24777
55 20921
46 21196
28 23745
56 24148
48 24754
32 24732
0 23133
0 23420
0 23355
0 23500
1 23549
2 22870
5 23416
10 23532
20 23729
41 19102
18 21134
36 23705
9 23921
18 23389
37 24338
10 23990
20 24452
40 24582
17 24043
34 23884
4 23924
9 23929
18 24108
37 20766
10 19406
20 22889
40 23334
16 24033
33 24700
3 23626
6 23293
12 24263
24 24580
48 24772
33 23976
3 23508
6 23520
13 22441
26 19098
53 22440
42 24254
20 23562
40 24906
17 24196
34 24458
4 24027
9 23712
19 23909
38 24567
13 24098
27 24045
55 22130
46 19482
28 23325
56 24967
49 25323
34 24676
4 23640
8 23814
17 23847
34 24836
5 23886
11 24334
22 23942
45 24476
26 20942
52 21072
41 23783
18 24172
37 24543
11 23984
22 23846
44 24572
25 23922
51 24574
39 24306
14 23940
28 24223
57 21864
50 19739
37 23155
11 23712
23 23528
46 24631
28 23658
56 24390
49 24678
34 24380
5 23506
10 23522
21 23939
43 24138
23 24218
47 24778
31 24257
63 25230
62 24831
60 24436
56 24459
49 24865
34 24331
4 23604
8 23396
17 20015
34 19290
4 22561
9 23594
18 24107
36 24026
8 23748
16 24322
32 23926
0 24088
0 23906
0 23138
1 23089
2 23536
4 23592
9 22901
19 18934
39 21863
15 23342
31 24124
63 25270
63 24929
62 25160
60 24988
57 24406
50 24671
37 24622
11 24076
23 20597
46 19686
29 23676
59 25058
55 24862
46 24398
28 24391
57 24586
51 25184
39 24419
15 24186
31 24484
63 23713
63 19765
63 23766
63 24478
63 25028
62 25068
60 24970
57 24988
51 24808
38 24284
13 23707
26 24226
53 21813
43 19958
23 22870
46 24158
28 24008
57 24932
51 24532
38 24322
13 22753
26 23698
53 24194
43 23956
22 23656
44 21569
25 19127
50 23049
36 24480
8 23950
16 23378
33 24620
3 23672
7 23426
14 23398
29 23790
59 24762
54 24296
45 24588
27 20642
54 20998
45 24488
27 24296
54 24904
45 25170
27 24330
55 24840
46 24824
28 24444
57 25118
50 24173
37 21945
10 19183
20 21552
40 24076
16 24176
32 24430
1 23657
3 23436
6 23864
12 23506
25 24458
51 25000
38 24507
13 23636
26 24016
52 19822
40 22428
16 24020
32 24082
1 23708
3 23396
6 23942
13 23364
26 24204
53 24828
42 24625
20 24479
41 24177
18 23362
36 19438
9 20024
19 23821
38 23889
12 23630
24 24053
49 24766
35 24613
6 23430
12 24366
25 24256
51 24392
39 24895
14 23522
28 18760
57 21790
50 24488
36 24570
8 23562
16 23948
33 23796
3 23142
7 23955
14 24102
28 24416
57 24810
51 25192
39 21721
15 18946
31 23815
63 24734
62 24828
60 25020
56 25196
48 24700
32 24343
0 23019
1 23062
2 23441
4 23886
8 23339
16 19631
32 20343
0 23196
0 22918
0 23163
0 23457
0 24066
1 24380
2 23407
4 23720
9 23760
19 24224
39 25610
15 23804
30 24111
61 21658
58 21166
52 24550
40 24446
17 23362
[disconnect]
